-9.184840758222448130e+03
-9.186260072008146381e+03
-9.187379016814309580e+03
-9.188197524591396359e+03
-9.188715626468827395e+03
-9.188933452631101318e+03
-9.188851232244447601e+03
-9.188469293351517990e+03
-9.187788062757159423e+03
-9.186808065775549039e+03
-9.185529926103074104e+03
-9.183954365560304723e+03
-9.182082203822432348e+03
-9.179914358152929708e+03
-9.177451843081020343e+03
-9.174695770026180980e+03
-9.171647346982001181e+03
-9.168307878095574779e+03
-9.164678763183492265e+03
-9.160761497365814648e+03
-9.156557670534088174e+03
-9.152068966860873843e+03
-9.147297164173982310e+03
-9.142244133562138813e+03
-9.136911838604823060e+03
-9.131302334922644150e+03
-9.125417769315316036e+03
-9.119260379297245890e+03
-9.112832492313435068e+03
-9.106136525023921422e+03
-9.099174982440736130e+03
-9.091950457384709807e+03
-9.084465629526292105e+03
-9.076723264468078924e+03
-9.068726213158030077e+03
-9.060477410771987707e+03
-9.051979875957271361e+03
-9.043236709852326385e+03
-9.034251094980896596e+03
-9.025026294681612853e+03
-9.015565651694558255e+03
-9.005872587280618973e+03
-8.995950600352489346e+03
-8.985803266143988367e+03
-8.975434235164386337e+03
-8.964847232425914626e+03
-8.954046055732673267e+03
-8.943034575055708046e+03
-8.931816731097465890e+03
-8.920396533899764108e+03
-8.908778062353652786e+03
-8.896965462044407104e+03
-8.884962944412169236e+03
-8.872774785948227873e+03
-8.860405325982792419e+03
-8.847858965816285490e+03
-8.835140167885538176e+03
-8.822253453274190178e+03
-8.809203401661396128e+03
-8.795994648737660100e+03
-8.782631885461300044e+03
-8.769119856806546522e+03
-8.755463359752195174e+03
-8.741667241967561495e+03
-8.727736401082647717e+03
-8.713675781879604983e+03
-8.699490376287874824e+03
-8.685185220558389119e+03
-8.670765394295691294e+03
-8.656236019521031267e+03
-8.641602257944670782e+03
-8.626869309981942934e+03
-8.612042413799259521e+03
-8.597126842426414441e+03
-8.582127903167658587e+03
-8.567050935769222633e+03
-8.551901310378871131e+03
-8.536684426684239952e+03
-8.521405711529714608e+03
-8.506070617375995425e+03
-8.490684621553637044e+03
-8.475253223197136322e+03
-8.459781942394329235e+03
-8.444276318854079364e+03
-8.428741909118254625e+03
-8.413184285806668413e+03
-8.397609035777946701e+03
-8.382021757682343377e+03
-8.366428061673301272e+03
-8.350833566060618978e+03
-8.335243896733363727e+03
-8.319664685268966423e+03
-8.304101566581921361e+03
-8.288560177908857440e+03
-8.273046156912529113e+03
-8.257565139757320139e+03
-8.242122759134013904e+03
-8.226724643592009670e+03
-8.211376414270776877e+03
-8.196083684791139603e+03
-8.180852057972236253e+03
-8.165687125168366947e+03
-8.150594464321650776e+03
-8.135579637999924671e+03
-8.120648191512524136e+03
-8.105805651947498518e+03
-8.091057525750427885e+03
-8.076409296949431337e+03
-8.061866426208958728e+03
-8.047434348406714889e+03
-8.033118470793103370e+03
-8.018924172509520758e+03
-8.004856801031984105e+03
-7.990921672478867549e+03
-7.977124068163561788e+03
-7.963469233998956952e+03
-7.949962378735894163e+03
-7.936608671956179933e+03
-7.923413242240756517e+03
-7.910381176737019814e+03
-7.897517517909249364e+03
-7.884827262689248528e+03
-7.872315361633870452e+03
-7.859986715626485420e+03
-7.847846175913094157e+03
-7.835898541581088466e+03
-7.824148557928145237e+03
-7.812600916088068516e+03
-7.801260249891636704e+03
-7.790131135105732028e+03
-7.779218088675042964e+03
-7.768525565625102900e+03
-7.758057958804742157e+03
-7.747819597136594894e+03
-7.737814743830074804e+03
-7.728047595422623999e+03
-7.718522280049682195e+03
-7.709242855740575578e+03
-7.700213310236385951e+03
-7.691437557818344430e+03
-7.682919439899897043e+03
-7.674662721995857282e+03
-7.666671093137350908e+03
-7.658948165282266928e+03
-7.651497470607326250e+03
-7.644322460968454834e+03
-7.637426507355193280e+03
-7.630812897203144530e+03
-7.624484834217823845e+03
-7.618445437137360386e+03
-7.612697738127800221e+03
-7.607244681996549843e+03
-7.602089125020419488e+03
-7.597233833379918906e+03
-7.592681483263842892e+03
-7.588434658334800588e+03
-7.584495849639747576e+03
-7.580867454697712674e+03
-7.577551775717162855e+03
-7.574551019269741118e+03
-7.571867295519596155e+03
-7.569502616514503643e+03
-7.567458895912035587e+03
-7.565737948251169655e+03
-7.564341487385998335e+03
-7.563271126483915396e+03
-7.562528376847979416e+03
-7.562114646616399114e+03
-7.562031241229603438e+03
-7.562279361937688009e+03
-7.562860104543901798e+03
-7.563774460616908982e+03
-7.565023314435908105e+03
-7.566607444284036319e+03
-7.568527521149988388e+03
-7.570784107806348402e+03
-7.573377659130806023e+03
-7.576308520694836261e+03
-7.579576928782598770e+03
-7.583183010172581817e+03
-7.587126781069509889e+03
-7.591408146965035485e+03
-7.596026902733188763e+03
-7.600982731525815325e+03
-7.606275204741295966e+03
-7.611903782245904040e+03
-7.617867810982123956e+03
-7.624166526384393364e+03
-7.630799050037618144e+03
-7.637764391430737305e+03
-7.645061446935475942e+03
-7.652688999532397247e+03
-7.660645718934325487e+03
-7.668930161895078527e+03
-7.677540771438765660e+03
-7.686475877219510039e+03
-7.695733695851928132e+03
-7.705312330287391887e+03
-7.715209770228828347e+03
-7.725423892515253101e+03
-7.735952460546422117e+03
-7.746793125216296175e+03
-7.757943424310283262e+03
-7.769400783570594285e+03
-7.781162515937211538e+03
-7.793225822868394971e+03
-7.805587793779399362e+03
-7.818245406573661057e+03
-7.831195528575505705e+03
-7.844434915817717410e+03
-7.857960214604232533e+03
-7.871767960947233405e+03
-7.885854581724680429e+03
-7.900216394702531034e+03
-7.914849609228067493e+03
-7.929750326888616655e+03
-7.944914541744796225e+03
-7.960338141267513492e+03
-7.976016906654092963e+03
-7.991946513601549668e+03
-8.008122533044189368e+03
-8.024540431556076328e+03
-8.041195572677378550e+03
-8.058083216583192552e+03
-8.075198522281451915e+03
-8.092536546654690937e+03
-8.110092247216111900e+03
-8.127860481357102799e+03
-8.145836007974220593e+03
-8.164013488229208633e+03
-8.182387486233275922e+03
-8.200952470441028709e+03
-8.219702814201691581e+03
-8.238632796714113283e+03
-8.257736604445157354e+03
-8.277008331777715284e+03
-8.296441982003807425e+03
-8.316031468869085074e+03
-8.335770616997102479e+03
-8.355653163547582153e+03
-8.375672759408382262e+03
-8.395822969331127752e+03
-8.416097274682089846e+03
-8.436489073432343503e+03
-8.456991681654109925e+03
-8.477598335228200085e+03
-8.498302190120410160e+03
-8.519096324920843472e+03
-8.539973741189691282e+03
-8.560927364900207976e+03
-8.581950048132266602e+03
-8.603034570199786685e+03
-8.624173638811416822e+03
-8.645359891924223120e+03
-8.666585898598188578e+03
-8.687844160910006394e+03
-8.709127115122113537e+03
-8.730427132973809421e+03
-8.751736523507430320e+03
-8.773047534538296532e+03
-8.794352353411610238e+03
-8.815643109823195118e+03
-8.836911875779438560e+03
-8.858150668637355921e+03
-8.879351451634471232e+03
-8.900506135668558272e+03
-8.921606581211002776e+03
-8.942644599536983151e+03
-8.963611954298643468e+03
-8.984500363592120266e+03
-9.005301500795992979e+03
-9.026006997019996561e+03
-9.046608442384491354e+03
-9.067097387266949227e+03
-9.087465344879634358e+03
-9.107703791874391754e+03
-9.127804170936145965e+03
-9.147757892184225057e+03
-9.167556334186168897e+03
-9.187190846807970956e+03
-9.206652752276047977e+03
-9.225933346540030470e+03
-9.245023902011671453e+03
-9.263915668092067790e+03
-9.282599873959956312e+03
-9.301067729860771578e+03
-9.319310428367263739e+03
-9.337319147068079474e+03
-9.355085049852412340e+03
-9.372599288167475606e+03
-9.389853003914357032e+03
-9.406837329894338836e+03
-9.423543392737077738e+03
-9.439962314106760459e+03
-9.456085212080693964e+03
-9.471903203822235810e+03
-9.487407406805856226e+03
-9.502588940270781677e+03
-9.517438927773762771e+03
-9.531948498449564795e+03
-9.546108788590658150e+03
-9.559910944208890214e+03
-9.573346121602335188e+03
-9.586405490320479657e+03
-9.599080234385577569e+03
-9.611361553494747568e+03
-9.623240665930476098e+03
-9.634708809423287676e+03
-9.645757243016278153e+03
-9.656377249294066132e+03
-9.666560135579411508e+03
-9.676297235741778422e+03
-9.685579912141047316e+03
-9.694399557483200624e+03
-9.702747595627935880e+03
-9.710615484737780207e+03
-9.717994717356828914e+03
-9.724876823573620641e+03
-9.731253371809385499e+03
-9.737115970540085982e+03
-9.742456270324099023e+03
-9.747265965437802151e+03
-9.751536794934105274e+03
-9.755260544963693974e+03
-9.758429050286606071e+03
-9.761034195301932414e+03
-9.763067916520511062e+03
-9.764522203321377674e+03
-9.765389100197222433e+03
-9.765660708300894839e+03
-9.765329185867343767e+03
-9.764386751658106732e+03
-9.762825685279816753e+03
-9.760638328087186892e+03
-9.757817086725433910e+03
-9.754354432558466215e+03
-9.750242904438622645e+03
-9.745475109547322063e+03
-9.740043724924624257e+03
-9.733941499297992777e+03
-9.727161254295138860e+03
-9.719695885297805944e+03
-9.711538363748773918e+03
-9.702681738154074992e+03
-9.693119134852207935e+03
-9.682843760403742635e+03
-9.671848902395306141e+03
-9.660127930253203886e+03
-9.647674297706540528e+03
-9.634481542720348443e+03
-9.620543290109415466e+03
-9.605853251385193289e+03
-9.590405227424833356e+03
-9.574193108192788713e+03
-9.557210875361661238e+03
-9.539452602151863175e+03
-9.520912455573223269e+03
-9.501584697084661457e+03
-9.481463683272293565e+03
-9.460543867961809156e+03
-9.438819802131738470e+03
-9.416286135966407528e+03
-9.392937619448677651e+03
-9.368769102975144051e+03
-9.343775539116286382e+03
-9.317951983378907244e+03
-9.291293594582479273e+03
-9.263795636001259481e+03
-9.235453477473451130e+03
-9.206262594111009093e+03
-9.176218568987234903e+03
-9.145317093694355208e+03
-9.113553967470454154e+03
-9.080925101449238355e+03
-9.047426514982975277e+03
-9.013054340192855307e+03
-8.977804821240966703e+03
-8.941674314337818942e+03
-8.904659289832510694e+03
-8.866756331774915452e+03
-8.827962139184071930e+03
-8.788273526833550932e+03
-8.747687424747837213e+03
-8.706200880048514591e+03
-8.663811057306342263e+03
-8.620515238270136251e+03
-8.576310822308216302e+03
-8.531195329718717403e+03
-8.485166396852202524e+03
-8.438221783008104467e+03
-8.390359364584595824e+03
-8.341577140036824858e+03
-8.291873228737467798e+03
-8.241245870395850943e+03
-8.189693426728084887e+03
-8.137214381683104875e+03
-8.083807340323454810e+03
-8.029471031141963977e+03
-7.974204304861667879e+03
-7.918006134582183222e+03
-7.860875617397220594e+03
-7.802811973517075785e+03
-7.743814544822188509e+03
-7.683882800028448401e+03
-7.623016327722473761e+03
-7.561214843891481905e+03
-7.498478185603714337e+03
-7.434806314595055483e+03
-7.370199317146907561e+03
-7.304657402385611022e+03
-7.238180904902441398e+03
-7.170770281031859668e+03
-7.102426112181798999e+03
-7.033149103250632834e+03
-6.962940082722569059e+03
-6.891800001945507574e+03
-6.819729936611476660e+03
-6.746731084733151874e+03
-6.672804767684469880e+03
-6.597952429377619410e+03
-6.522175636219877561e+03
-6.445476077135831474e+03
-6.367855563157047982e+03
-6.289316025563970470e+03
-6.209859519848943819e+03
-6.129488219279355690e+03
-6.048204421168141380e+03
-5.966010540305066570e+03
-5.882909112883876332e+03
-5.798902794659095889e+03
-5.713994360151261390e+03
-5.628186702547706773e+03
-5.541482833674612266e+03
-5.453885882541622777e+03
-5.365399095982218569e+03
-5.276025837116966613e+03
-5.185769585238301261e+03
-5.094633935768812080e+03
-5.002622599103711764e+03
-4.909739398548498684e+03
-4.815988274543859916e+03
-4.721373276949892897e+03
-4.625898572120111567e+03
-4.529568435068065810e+03
-4.432387253656173925e+03
-4.334359526580649799e+03
-4.235489861841687343e+03
-4.135782976614663312e+03
-4.035243697198997779e+03
-3.933876956639313903e+03
-3.831687796187931326e+03
-3.728681362076698861e+03
-3.624862906251670211e+03
-3.520237785897406866e+03
-3.414811460901966257e+03
-3.308589495406810329e+03
-3.201577554840050652e+03
-3.093781404431270403e+03
-2.985206913268679273e+03
-2.875860047461305840e+03
-2.765746870653605583e+03
-2.654873548128081438e+03
-2.543246337002735800e+03
-2.430871595179143696e+03
-2.317755771447015832e+03
-2.203905410028662118e+03
-2.089327149026438292e+03
-1.974027717236296439e+03
-1.858013934619912106e+03
-1.741292712282950788e+03
-1.623871048712485617e+03
-1.505756032061436372e+03
-1.386954836322006486e+03
-1.267474721316576733e+03
-1.147323033074178738e+03
-1.026507200747750630e+03
-9.050347344872220674e+02
-7.829132305094395861e+02
-6.601503605740958847e+02
-5.367538811650740627e+02
-4.127316230642005621e+02
-2.880914961210373804e+02
-1.628414873823148525e+02
-3.698965787637155955e+01
8.945585731124488404e+01
2.164868487979221072e+02
3.440950370167311121e+02
4.722720699897101326e+02
6.010095273670532379e+02
7.302989203515378449e+02
8.601316915050061880e+02
9.904992180673594930e+02
1.121392813967274151e+03
1.252803724911455220e+03
1.384723139101000925e+03
1.517142177909013071e+03
1.650051906681976789e+03
1.783443330241889043e+03
1.917307392638100737e+03
2.051634985910353862e+03
2.186416941016111195e+03
2.321644038796457608e+03
2.457307004992881957e+03
2.593396512104050998e+03
2.729903183052202621e+03
2.866817590918441510e+03
3.004130258603815491e+03
3.141831663513613421e+03
3.279912234707968764e+03
3.418362357622459058e+03
3.557172373741023875e+03
3.696332580197095012e+03
3.835833233638169077e+03
3.975664551999506330e+03
4.115816709362356050e+03
4.256279847207800231e+03
4.397044064761939808e+03
4.538099429753659024e+03
4.679435973861753155e+03
4.821043694062403119e+03
4.962912556716192739e+03
5.105032497095449799e+03
5.247393418846319946e+03
5.389985198993071208e+03
5.532797684952810414e+03
5.675820698901511605e+03
5.819044037888238563e+03
5.962457473262044005e+03
6.106050754123477418e+03
6.249813609619683120e+03
6.393735743323771203e+03
6.537806844688698220e+03
6.682016579264411121e+03
6.826354599262063857e+03
6.970810539556748154e+03
7.115374017022656517e+03
7.260034638059098143e+03
7.404781994637798562e+03
7.549605665636632693e+03
7.694495220751825400e+03
7.839440218220089264e+03
7.984430208622903592e+03
8.129454735154868104e+03
8.274503332837679409e+03
8.419565532808086573e+03
8.564630859932345629e+03
8.709688837101022727e+03
8.854728984371995466e+03
8.999740819144766647e+03
9.144713859523333667e+03
9.289637625383376871e+03
9.434501634236266909e+03
9.579295411343926389e+03
9.724008479963469654e+03
9.868630372645837269e+03
1.001315062537887206e+04
1.015755877984364633e+04
1.030184438669255178e+04
1.044599700455271341e+04
1.059000620021976647e+04
1.073386155280072671e+04
1.087755265011268239e+04
1.102106909401797748e+04
1.116440049938864649e+04
1.130753649304364444e+04
1.145046671833980326e+04
1.159318083522687630e+04
1.173566851653737285e+04
1.187791945752909305e+04
1.201992336635119682e+04
1.216166997482728220e+04
1.230314903332678114e+04
1.244435031143987726e+04
1.258526360239815949e+04
1.272587872191863426e+04
1.286618550703309847e+04
1.300617382151430502e+04
1.314583355138714796e+04
1.328515461033970860e+04
1.342412693851956828e+04
1.356274050132148477e+04
1.370098529377281739e+04
1.383885134100617870e+04
1.397632869361946905e+04
1.411340743643766655e+04
1.425007768225990731e+04
1.438632957720584454e+04
1.452215330110140530e+04
1.465753906257349627e+04
1.479247710912858747e+04
1.492695771815993248e+04
1.506097120546557198e+04
1.519450792201941476e+04
1.532755825347412247e+04
1.546011262457923294e+04
1.559216149786082678e+04
1.572369537231246250e+04
1.585470478840823307e+04
1.598518032437565307e+04
1.611511259965877980e+04
1.624449227509629964e+04
1.637331005159961205e+04
1.650155667277749308e+04
1.662922292660539824e+04
1.675629964081281651e+04
1.688277769067338522e+04
1.700864799230161952e+04
1.713390150950352108e+04
1.725852925089783093e+04
1.738252227003870939e+04
1.750587166789268304e+04
1.762856859300794895e+04
1.775060424017261539e+04
1.787196985357188896e+04
1.799265672472302322e+04
1.811265619559828338e+04
1.823195965725162387e+04
1.835055855018951115e+04
1.846844436586329175e+04
1.858560864832560037e+04
1.870204298999274397e+04
1.881773903856574907e+04
1.893268849113822216e+04
1.904688309974755612e+04
1.916031466998308679e+04
1.927297505866640131e+04
1.938485617982514304e+04
1.949595000058084406e+04
1.960624854277046688e+04
1.971574388465371521e+04
1.982442815921394867e+04
1.993229355691457749e+04
2.003933232437422703e+04
2.014553676456901303e+04
2.025089923950394950e+04
2.035541216695257390e+04
2.045906802456608784e+04
2.056185934856789027e+04
2.066377873251183701e+04
2.076481883085226946e+04
2.086497235794974404e+04
2.096423208605930631e+04
2.106259085103806501e+04
2.116004154585825381e+04
2.125657712763820382e+04
2.135219061408549169e+04
2.144687508337271720e+04
2.154062367732769417e+04
2.163342960021481849e+04
2.172528611759278283e+04
2.181618656011073836e+04
2.190612431988981189e+04
2.199509285427213763e+04
2.208308568465265125e+04
2.217009639539250202e+04
2.225611863679648013e+04
2.234114612487397972e+04
2.242517263832279423e+04
2.250819202470171876e+04
2.259019819428611663e+04
2.267118512613179337e+04
2.275114686526836522e+04
2.283007752175039786e+04
2.290797127503388401e+04
2.298482237129197529e+04
2.306062512329732635e+04
2.313537391333546839e+04
2.320906319081602851e+04
2.328168747416486804e+04
2.335324135111990836e+04
2.342371947723297853e+04
2.349311657862467109e+04
2.356142745106403163e+04
2.362864695914802724e+04
2.369477003907265680e+04
2.375979169652412747e+04
2.382370700824832602e+04
2.388651112287790602e+04
2.394819925875513945e+04
2.400876670744622243e+04
2.406820883089346898e+04
2.412652106430048661e+04
2.418369891508476212e+04
2.423973796280788520e+04
2.429463386033003553e+04
2.434838233400129684e+04
2.440097918303649931e+04
2.445242028092227338e+04
2.450270157465107695e+04
2.455181908607158766e+04
2.459976891130002332e+04
2.464654722106566260e+04
2.469215026129330363e+04
2.473657435384148994e+04
2.477981589503966461e+04
2.482187135822142955e+04
2.486273729176143388e+04
2.490241032148904196e+04
2.494088714933639858e+04
2.497816455402575230e+04
2.501423939190164310e+04
2.504910859655239983e+04
2.508276917908718679e+04
2.511521822910808260e+04
2.514645291378779439e+04
2.517647047940894117e+04
2.520526825078635375e+04
2.523284363160896464e+04
2.525919410518445147e+04
2.528431723421971401e+04
2.530821066110569154e+04
2.533087210868102557e+04
2.535229937965488716e+04
2.537249035769173133e+04
2.539144300745138753e+04
2.540915537414398568e+04
2.542562558497950522e+04
2.544085184853081591e+04
2.545483245523870210e+04
2.546756577792702228e+04
2.547905027157495715e+04
2.548928447406851046e+04
2.549826700621000418e+04
2.550599657185204705e+04
2.551247195849548370e+04
2.551769203718957942e+04
2.552165576306547882e+04
2.552436217544592364e+04
2.552581039807972775e+04
2.552599963949326047e+04
2.552492919315127438e+04
2.552259843777475180e+04
2.551900683748816300e+04
2.551415394224605188e+04
2.550803938785138962e+04
2.550066289631977270e+04
2.549202427622508912e+04
2.548212342271084344e+04
2.547096031781539932e+04
2.545853503092159735e+04
2.544484771857304077e+04
2.542989862512567197e+04
2.541368808271553644e+04
2.539621651143572672e+04
2.537748442000092837e+04
2.535749240541453764e+04
2.533624115323246224e+04
2.531373143858353069e+04
2.528996412517063800e+04
2.526494016647058379e+04
2.523866060547941015e+04
2.521112657463123469e+04
2.518233929706216077e+04
2.515230008555570384e+04
2.512101034335917575e+04
2.508847156459972393e+04
2.505468533386986019e+04
2.501965332699408464e+04
2.498337731079311197e+04
2.494585914320368829e+04
2.490710077406451819e+04
2.486710424464325115e+04
2.482587168780235152e+04
2.478340532883158448e+04
2.473970748472880223e+04
2.469478056518935045e+04
2.464862707191304798e+04
2.460124959897565350e+04
2.455265083402423988e+04
2.450283355631710947e+04
2.445180063933516067e+04
2.439955504829870915e+04
2.434609984222959247e+04
2.429143817362433401e+04
2.423557328770408640e+04
2.417850852337549441e+04
2.412024731341080042e+04
2.406079318328488807e+04
2.400014975329964727e+04
2.393832073639158989e+04
2.387530993964572190e+04
2.381112126435231403e+04
2.374575870506614956e+04
2.367922634997032219e+04
2.361152838253794835e+04
2.354266907801265552e+04
2.347265280791425903e+04
2.340148403614106792e+04
2.332916732000865886e+04
2.325570731294796860e+04
2.318110876000937060e+04
2.310537650065179332e+04
2.302851546917526503e+04
2.295053069195774515e+04
2.287142729068985500e+04
2.279121047938826086e+04
2.270988556554104798e+04
2.262745795134353466e+04
2.254393313098585713e+04
2.245931669181916732e+04
2.237361431560936398e+04
2.228683177523185805e+04
2.219897493817772920e+04
2.211004976337203698e+04
2.202006230140654588e+04
2.192901869794048980e+04
2.183692518793498675e+04
2.174378809900368651e+04
2.164961385172586961e+04
2.155440895616028502e+04
2.145818001558913602e+04
2.136093372276932860e+04
2.126267686115981633e+04
2.116341630622278899e+04
2.106315902166861270e+04
2.096191206256263467e+04
2.085968257288617315e+04
2.075647778539527644e+04
2.065230502291279845e+04
2.054717169639367421e+04
2.044108530343395614e+04
2.033405343293326223e+04
2.022608375731246997e+04
2.011718403956215479e+04
2.000736212693608104e+04
1.989662595314690770e+04
1.978498353969258460e+04
1.967244299119529387e+04
1.955901249766120964e+04
1.944470033452045755e+04
1.932951485994032191e+04
1.921346451654387056e+04
1.909655782924678715e+04
1.897880340482618340e+04
1.886020993318887122e+04
1.874078618470995207e+04
1.862054100994271357e+04
1.849948334087483454e+04
1.837762218772568303e+04
1.825496664088327088e+04
1.813152586792991497e+04
1.800730911341595493e+04
1.788232570153538836e+04
1.775658503006124010e+04
1.763009657298293678e+04
1.750286988028053020e+04
1.737491457475043717e+04
1.724624035398295746e+04
1.711685698684755334e+04
1.698677431464365873e+04
1.685600225073702313e+04
1.672455077742284629e+04
1.659242994705425735e+04
1.645964988165454270e+04
1.632622076920728250e+04
1.619215286720487893e+04
1.605745649750032317e+04
1.592214204663932469e+04
1.578621996881108862e+04
1.564970077713634419e+04
1.551259505242985506e+04
1.537491343285297808e+04
1.523666661857205145e+04
1.509786537117335502e+04
1.495852050897698791e+04
1.481864290805447854e+04
1.467824350325563137e+04
1.453733328244823861e+04
1.439592329090187559e+04
1.425402462548926087e+04
1.411164843565350202e+04
1.396880592437842279e+04
1.382550834336289518e+04
1.368176699217704299e+04
1.353759322275514933e+04
1.339299842991705918e+04
1.324799405747449418e+04
1.310259159228865065e+04
1.295680256332237332e+04
1.281063854653716589e+04
1.266411115444875941e+04
1.251723204100922339e+04
1.237001290060477913e+04
1.222246546238173687e+04
1.207460149448649099e+04
1.192643279799964330e+04
1.177797120772117160e+04
1.162922859293957299e+04
1.148021685202008121e+04
1.133094791315314797e+04
1.118143373508356126e+04
1.103168630113533800e+04
1.088171762260495780e+04
1.073153973447948010e+04
1.058116469269360823e+04
1.043060457985145513e+04
1.027987149409240556e+04
1.012897755407956538e+04
9.977934897646018726e+03
9.826755676167613274e+03
9.675452057865870302e+03
9.524036223002840416e+03
9.372520363236833873e+03
9.220916682195291287e+03
9.069237390628613866e+03
8.917494708456744775e+03
8.765700859919708819e+03
8.613868074077652636e+03
8.462008584041479480e+03
8.310134623659099816e+03
8.158258424669806118e+03
8.006392221743538357e+03
7.854548241304663861e+03
7.702738709829091931e+03
7.550975844744751157e+03
7.399271854813292521e+03
7.247638943709335763e+03
7.096089299705127814e+03
6.944635100673365741e+03
6.793288511241932611e+03
6.642061678778983151e+03
6.490966735320950647e+03
6.340015792600745954e+03
6.189220942348578319e+03
6.038594255679603521e+03
5.888147778644079153e+03
5.737893532493231760e+03
5.587843513080516459e+03
5.438009685884724604e+03
5.288403988848439440e+03
5.139038326932942255e+03
4.989924570603657230e+03
4.841074559952653544e+03
4.692500094153548162e+03
4.544212936426873966e+03
4.396224811312677048e+03
4.248547400147789631e+03
4.101192343763132158e+03
3.954171236855529060e+03
3.807495628146019044e+03
3.661177020473286575e+03
3.515226865749783428e+03
3.369656565092336677e+03
3.224477468885966118e+03
3.079700871264225043e+03
2.935338012970498767e+03
2.791400076321010602e+03
2.647898183087728285e+03
2.504843399367555776e+03
2.362246723606193882e+03
2.220119095932624532e+03
2.078471388434272740e+03
1.937314405205927642e+03
1.796658886740852040e+03
1.656515499076543165e+03
1.516894838678536871e+03
1.377807430189216802e+03
1.239263721825692073e+03
1.101274087729660096e+03
9.638488232238685214e+02
8.269981445398357209e+02
6.907321888768045710e+02
5.550610099772854937e+02
4.199945781104460139e+02
2.855427799789113692e+02
1.517154139876705301e+02
1.852219245189571240e+01
-1.140272625492079897e+02
-2.459234214875046121e+02
-3.771568426582488769e+02
-5.077181823662722309e+02
-6.375981901930301774e+02
-7.667877112950765195e+02
-8.952776903508195119e+02
-1.023059169490691033e+03
-1.150123292684414082e+03
-1.276461305729946844e+03
-1.402064556359884591e+03
-1.526924498120906946e+03
-1.651032690306687527e+03
-1.774380798069255434e+03
-1.896960596620787101e+03
-2.018763969075347859e+03
-2.139782910290018663e+03
-2.260009528805468108e+03
-2.379436042282283779e+03
-2.498054787110935649e+03
-2.615858213514578438e+03
-2.732838887785133920e+03
-2.848989496222879552e+03
-2.964302840877836843e+03
-3.078771847600017736e+03
-3.192389561940272870e+03
-3.305149150942792858e+03
-3.417043906462663472e+03
-3.528067243459301153e+03
-3.638212703149986282e+03
-3.747473953350544889e+03
-3.855844788010809225e+03
-3.963319130423693878e+03
-4.069891033291335589e+03
-4.175554678245755895e+03
-4.280304379281365073e+03
-4.384134581158007677e+03
-4.487039861754070444e+03
-4.589014934070190066e+03
-4.690054641942563649e+03
-4.790153967769860174e+03
-4.889308028549996379e+03
-4.987512077122878509e+03
-5.084761504876605613e+03
-5.181051840250028363e+03
-5.276378751004937840e+03
-5.370738044190555229e+03
-5.464125666185180307e+03
-5.556537704484161623e+03
-5.647970387642977585e+03
-5.738420085296508660e+03
-5.827883309942135384e+03
-5.916356716015359780e+03
-6.003837101203647762e+03
-6.090321408197194614e+03
-6.175806720606281488e+03
-6.260290269442420140e+03
-6.343769428949137364e+03
-6.426241718389798734e+03
-6.507704802951196143e+03
-6.588156492968568273e+03
-6.667594745095417238e+03
-6.746017662133365775e+03
-6.823423492933138732e+03
-6.899810633246581347e+03
-6.975177625526103839e+03
-7.049523158793904258e+03
-7.122846069399497537e+03
-7.195145340377341199e+03
-7.266420101768151653e+03
-7.336669632038023337e+03
-7.405893354544589783e+03
-7.474090841458064460e+03
-7.541261810840683211e+03
-7.607406128353909480e+03
-7.672523807342518921e+03
-7.736615005022369587e+03
-7.799680028335666975e+03
-7.861719328677540943e+03
-7.922733503912034394e+03
-7.982723297993153210e+03
-8.041689599771441863e+03
-8.099633444289592262e+03
-8.156556011062969446e+03
-8.212458623713246197e+03
-8.267342750951902417e+03
-8.321210004791631945e+03
-8.374062140141084456e+03
-8.425901055781938339e+03
-8.476728791849791378e+03
-8.526547530433110296e+03
-8.575359596484298891e+03
-8.623167452698429770e+03
-8.669973704831119903e+03
-8.715781096501626962e+03
-8.760592510076452527e+03
-8.804410966970575828e+03
-8.847239625098040051e+03
-8.889081779360247310e+03
-8.929940861038227013e+03
-8.969820435754591017e+03
-9.008724203712687085e+03
-9.046655999047305158e+03
-9.083619787560663099e+03
-9.119619667735618350e+03
-9.154659868000226197e+03
-9.188744746595311881e+03
-9.221878792044712100e+03
-9.254066618352611840e+03
-9.285312968201023978e+03
-9.315622709826095161e+03
-9.345000834814203699e+03
-9.373452460163607611e+03
-9.400982823860569624e+03
-9.427597286260282999e+03
-9.453301327672399566e+03
-9.478100546965466492e+03
-9.502000660933999825e+03
-9.525007503252565584e+03
-9.547127022454442340e+03
-9.568365281034493819e+03
-9.588728454585636428e+03
-9.608222829609476321e+03
-9.626854802581397962e+03
-9.644630879046902919e+03
-9.661557671155285789e+03
-9.677641897483010325e+03
-9.692890380322531200e+03
-9.707310045575111872e+03
-9.720907919832667176e+03
-9.733691130355087807e+03
-9.745666902109544026e+03
-9.756842557638738072e+03
-9.767225514113686586e+03
-9.776823283162257212e+03
-9.785643468038899300e+03
-9.793693762537346629e+03
-9.800981949924453147e+03
-9.807515900189731838e+03
-9.813303568926141452e+03
-9.818352996229774362e+03
-9.822672303835392086e+03
-9.826269694108641488e+03
-9.829153448497190766e+03
-9.831331925360913374e+03
-9.832813558200008629e+03
-9.833606854356328768e+03
-9.833720392387442189e+03
-9.833162821529707799e+03
-9.831942858607328162e+03
-9.830069286459040086e+03
-9.827550953427069544e+03
-9.824396769512342871e+03
-9.820615705734198855e+03
-9.816216792309702214e+03
-9.811209115807088892e+03
-9.805601818682889643e+03
-9.799404095885580318e+03
-9.792625193873293028e+03
-9.785274408734445387e+03
-9.777361083504343696e+03
-9.768894606888045018e+03
-9.759884411302929948e+03
-9.750339970545883261e+03
-9.740270797741504794e+03
-9.729686444378121450e+03
-9.718596496703696175e+03
-9.707010575513251752e+03
-9.694938332549652841e+03
-9.682389449545740717e+03
-9.669373636036400057e+03
-9.655900627127590269e+03
-9.641980181373699452e+03
-9.627622079402604868e+03
-9.612836121333153642e+03
-9.597632124687213945e+03
-9.582019923006133467e+03
-9.566009363296643642e+03
-9.549610303820754780e+03
-9.532832613142194532e+03
-9.515686166572659204e+03
-9.498180845602832051e+03
-9.480326534889029062e+03
-9.462133120566750222e+03
-9.443610488485583119e+03
-9.424768521918269471e+03
-9.405617099267330559e+03
-9.386166093027783063e+03
-9.366425366660923828e+03
-9.346404773009353448e+03
-9.326114153023343533e+03
-9.305563332413865282e+03
-9.284762120823232181e+03
-9.263720309382944833e+03
-9.242447668402333875e+03
-9.220953946471776362e+03
-9.199248867221478577e+03
-9.177342127975574840e+03
-9.155243398386044646e+03
-9.132962317346016789e+03
-9.110508491627377225e+03
-9.087891494593592142e+03
-9.065120862876661704e+03
-9.042206096117468405e+03
-9.019156653631764129e+03
-8.995981953228323619e+03
-8.972691369819440297e+03
-8.949294232341919269e+03
-8.925799823336074041e+03
-8.902217375899748731e+03
-8.878556072415020026e+03
-8.854825043248623842e+03
-8.831033363967484547e+03
-8.807190054088854595e+03
-8.783304075802903753e+03
-8.759384331181601738e+03
-8.735439661428308682e+03
-8.711478844716202730e+03
-8.687510594194700388e+03
-8.663543557478076764e+03
-8.639586313500800316e+03
-8.615647371778541128e+03
-8.591735171001988419e+03
-8.567858076553829960e+03
-8.544024379816048167e+03
-8.520242296092921606e+03
-8.496519963101058238e+03
-8.472865439849056202e+03
-8.449286704706055389e+03
-8.425791653986392703e+03
-8.402388100864449370e+03
-8.379083773417334669e+03
-8.355886313703020278e+03
-8.332803276049551641e+03
-8.309842125466631842e+03
-8.287010237238224363e+03
-8.264314894605833615e+03
-8.241763287599424075e+03
-8.219362512713669275e+03
-8.197119570145181569e+03
-8.175041364193986738e+03
-8.153134700550260277e+03
-8.131406286106209336e+03
-8.109862727655772687e+03
-8.088510530412706430e+03
-8.067356097135098935e+03
-8.046405727261791071e+03
-8.025665615350722874e+03
-8.005141850646897183e+03
-7.984840415605136513e+03
-7.964767185075542329e+03
-7.944927925631013750e+03
-7.925328294184699189e+03
-7.905973837522887152e+03
-7.886869991257818583e+03
-7.868022078582567701e+03
-7.849435310718877190e+03
-7.831114784570959273e+03
-7.813065482969908771e+03
-7.795292273877162188e+03
-7.777799909335778466e+03
-7.760593025086158377e+03
-7.743676139822441655e+03
-7.727053654637563341e+03
-7.710729852431201834e+03
-7.694708897423214694e+03
-7.678994834400974469e+03
-7.663591588687776493e+03
-7.648502965277090880e+03
-7.633732648534250984e+03
-7.619284201972050141e+03
-7.605161067376624487e+03
-7.591366565393604105e+03
-7.577903894094919451e+03
-7.564776129566500458e+03
-7.551986225528680734e+03
-7.539537012468300418e+03
-7.527431198524842330e+03
-7.515671368233999601e+03
-7.504259983329626266e+03
-7.493199381973427080e+03
-7.482491779148921523e+03
-7.472139266465025685e+03
-7.462143811924301190e+03
-7.452507260457316988e+03
-7.443231333383630954e+03
-7.434317629039109306e+03
-7.425767622675798521e+03
-7.417582666327319203e+03
-7.409763989621212204e+03
-7.402312699239034373e+03
-7.395229779934442377e+03
-7.388516093910217023e+03
-7.382172382406391080e+03
-7.376199264227972890e+03
-7.370597237936705824e+03
-7.365366680851574529e+03
-7.360507850382738980e+03
-7.356020884077764094e+03
-7.351905799825264694e+03
-7.348162497011498999e+03
-7.344790756660724583e+03
-7.341790241732575851e+03
-7.339160498379056662e+03
-7.336900956140207199e+03
-7.335010928367363704e+03
-7.333489613576549345e+03
-7.332336095419759658e+03
-7.331549343727442647e+03
-7.331128215891204491e+03
-7.331071456029493675e+03
-7.331377697595347854e+03
-7.332045463216993994e+03
-7.333073165393661839e+03
-7.334459108400178593e+03
-7.336201488071967105e+03
-7.338298393203353953e+03
-7.340747806862040306e+03
-7.343547606606856789e+03
-7.346695566371331552e+03
-7.350189356936790318e+03
-7.354026546883327683e+03
-7.358204604165406636e+03
-7.362720897134136976e+03
-7.367572695077764365e+03
-7.372757170104570832e+03
-7.378271398298579697e+03
-7.384112359828479384e+03
-7.390276941954752147e+03
-7.396761938802487748e+03
-7.403564053206579956e+03
-7.410679898086658795e+03
-7.418105997373028913e+03
-7.425838787761445928e+03
-7.433874620075555868e+03
-7.442209759966495767e+03
-7.450840390049088455e+03
-7.459762611312176887e+03
-7.468972443502924762e+03
-7.478465828030244666e+03
-7.488238628738327861e+03
-7.498286632664768149e+03
-7.508605553203056843e+03
-7.519191029701293701e+03
-7.530038630760889646e+03
-7.541143854623339394e+03
-7.552502130956384462e+03
-7.564108822668474204e+03
-7.575959227734411797e+03
-7.588048579602730570e+03
-7.600372050651955760e+03
-7.612924751810917769e+03
-7.625701735964604268e+03
-7.638697998856411687e+03
-7.651908479981485470e+03
-7.665328065799643809e+03
-7.678951590660694819e+03
-7.692773837722316784e+03
-7.706789542473356960e+03
-7.720993392374595715e+03
-7.735380030408479797e+03
-7.749944056036951224e+03
-7.764680026154437655e+03
-7.779582458495361607e+03
-7.794645832215048358e+03
-7.809864589723319114e+03
-7.825233138965248145e+03
-7.840745855180296530e+03
-7.856397081671515480e+03
-7.872181133358369152e+03
-7.888092296529916894e+03
-7.904124832486940250e+03
-7.920272978544674515e+03
-7.936530949036438869e+03
-7.952892938815835805e+03
-7.969353123779903399e+03
-7.985905662850729641e+03
-8.002544700511358315e+03
-8.019264367814177604e+03
-8.036058784345312233e+03
-8.052922060404809599e+03
-8.069848298777456876e+03
-8.086831595697190096e+03
-8.103866044128159956e+03
-8.120945733910672971e+03
-8.138064755171487377e+03
-8.155217198992026169e+03
-8.172397159470341649e+03
-8.189598735708453205e+03
-8.206816033791277732e+03
-8.224043167792708118e+03
-8.241274262226947030e+03
-8.258503453916178842e+03
-8.275724892986894702e+03
-8.292932745446201807e+03
-8.310121194344248579e+03
-8.327284441843923560e+03
-8.344416711211275469e+03
-8.361512247497934368e+03
-8.378565320480089213e+03
-8.395570225940889941e+03
-8.412521286636754667e+03
-8.429412855169994145e+03
-8.446239315019469359e+03
-8.462995081902068705e+03
-8.479674606283235335e+03
-8.496272374158728780e+03
-8.512782909156589085e+03
-8.529200774308823384e+03
-8.545520572950574206e+03
-8.561736950889480795e+03
-8.577844598167934237e+03
-8.593838249496482604e+03
-8.609712687240889863e+03
-8.625462742256013371e+03
-8.641083294741383725e+03
-8.656569277098691600e+03
-8.671915674502079128e+03
-8.687117526233865647e+03
-8.702169927920056580e+03
-8.717068031990680538e+03
-8.731807049873350479e+03
-8.746382253231049617e+03
-8.760788974510081971e+03
-8.775022609537447352e+03
-8.789078618229854328e+03
-8.802952525329086711e+03
-8.816639923034674212e+03
-8.830136470739744254e+03
-8.843437897597546907e+03
-8.856540003164844165e+03
-8.869438658073497209e+03
-8.882129806354818356e+03
-8.894609465700530563e+03
-8.906873728810116518e+03
-8.918918764833430032e+03
-8.930740819836601077e+03
-8.942336218471677057e+03
-8.953701364853857740e+03
-8.964832743111468517e+03
-8.975726919046674084e+03
-8.986380540810010643e+03
-8.996790339521015994e+03
-9.006953130880432582e+03
-9.016865815467823268e+03
-9.026525379727594554e+03
-9.035928897212213997e+03
-9.045073528598742996e+03
-9.053956523388036658e+03
-9.062575220020167762e+03
-9.070927046739729121e+03
-9.079009522589174594e+03
-9.086820257733670587e+03
-9.094356954210426920e+03
-9.101617406700439460e+03
-9.108599503056504545e+03
-9.115301224635357357e+03
-9.121720647307281979e+03
-9.127855941439884191e+03
-9.133705372902530144e+03
-9.139267303148812061e+03
-9.144540189723044023e+03
-9.149522586858305658e+03
-9.154213145612957305e+03
-9.158610614287528733e+03
-9.162713838790648879e+03
-9.166521762965579910e+03
-9.170033428666447435e+03
-9.173247976188324174e+03
-9.176164644325774134e+03
-9.178782770647880170e+03
-9.181101791633294852e+03
-9.183121242639310367e+03
