-2.437234537920650368e+00
-2.445786782009733873e+00
-2.454274539128663335e+00
-2.462697060063755217e+00
-2.471053622374994596e+00
-2.479343530304646048e+00
-2.487566115241823805e+00
-2.495720736036506793e+00
-2.503806778871118688e+00
-2.511823658036849594e+00
-2.519770815792319762e+00
-2.527647722636495065e+00
-2.535453877679934909e+00
-2.543188808635344245e+00
-2.550852072194287334e+00
-2.558443254126703703e+00
-2.565961969379489283e+00
-2.573407862393364276e+00
-2.580780607170795715e+00
-2.588079907348948883e+00
-2.595305496506090215e+00
-2.602457138080406907e+00
-2.609534625625649529e+00
-2.616537782975347337e+00
-2.623466463967905060e+00
-2.630320553040133014e+00
-2.637099964927303475e+00
-2.643804644792727476e+00
-2.650434568413879255e+00
-2.656989742026528045e+00
-2.663470202510457518e+00
-2.669876017354948949e+00
-2.676207284579541934e+00
-2.682464132862623085e+00
-2.688646721479797108e+00
-2.694755240186231582e+00
-2.700789909355890028e+00
-2.706750979745144559e+00
-2.712638732557981047e+00
-2.718453479459562949e+00
-2.724195562144394067e+00
-2.729865352707671278e+00
-2.735463253270837392e+00
-2.740989695783154545e+00
-2.746445142274775097e+00
-2.751830084259272002e+00
-2.757145043010645225e+00
-2.762390569160701137e+00
-2.767567242556173923e+00
-2.772675672192429719e+00
-2.777716495933948870e+00
-2.782690380377264461e+00
-2.787598020625226436e+00
-2.792440140059562204e+00
-2.797217490149474628e+00
-2.801930850200043288e+00
-2.806581027098893344e+00
-2.811168855089788643e+00
-2.815695195481198176e+00
-2.820160936374010330e+00
-2.824566992480162853e+00
-2.828914304580426364e+00
-2.833203839547822511e+00
-2.837436589783229213e+00
-2.841613573007385263e+00
-2.845735831912426406e+00
-2.849804433822060723e+00
-2.853820470343794380e+00
-2.857785057011625884e+00
-2.861699332926831651e+00
-2.865564460376101241e+00
-2.869381624451667889e+00
-2.873152032669533895e+00
-2.876876914564817866e+00
-2.880557521244095476e+00
-2.884195125052347208e+00
-2.887791019140481197e+00
-2.891346516871993622e+00
-2.894862951649820548e+00
-2.898341676242247811e+00
-2.901784062453495849e+00
-2.905191500639402236e+00
-2.908565399105149218e+00
-2.911907183942884725e+00
-2.915218298226089022e+00
-2.918500201646294645e+00
-2.921754370083297747e+00
-2.924982294979751263e+00
-2.928185482924942296e+00
-2.931365455088758676e+00
-2.934523746686194645e+00
-2.937661906543443724e+00
-2.940781496454906385e+00
-2.943884090668417386e+00
-2.946971275433019066e+00
-2.950044648306271000e+00
-2.953105817668205013e+00
-2.956156402297145380e+00
-2.959198030439415206e+00
-2.962232339706602602e+00
-2.965260976134572068e+00
-2.968285593742597150e+00
-2.971307854020600825e+00
-2.974329425199281118e+00
-2.977351981750409493e+00
-2.980377203823848742e+00
-2.983406776536488003e+00
-2.986442389456639201e+00
-2.989485736032244656e+00
-2.992538512869284517e+00
-2.995602419214461687e+00
-2.998679156345412267e+00
-3.001770426861929852e+00
-3.004877934298775699e+00
-3.008003382122759195e+00
-3.011148473520356195e+00
-3.014314910557616134e+00
-3.017504393552948194e+00
-3.020718620525891129e+00
-3.023959286572297067e+00
-3.027228083183613805e+00
-3.030526697652665913e+00
-3.033856812478050724e+00
-3.037220104659726250e+00
-3.040618245188814406e+00
-3.044052898280795283e+00
-3.047525720850504438e+00
-3.051038361880565652e+00
-3.054592461745379239e+00
-3.058189651617286398e+00
-3.061831552871546513e+00
-3.065519776383666350e+00
-3.069255922064387132e+00
-3.073041577990061501e+00
-3.076878320104076803e+00
-3.080767711265369080e+00
-3.084711300959765090e+00
-3.088710624434717111e+00
-3.092767202243712266e+00
-3.096882539561259140e+00
-3.101058125643531227e+00
-3.105295433177162057e+00
-3.109595917708165569e+00
-3.113961017070038917e+00
-3.118392150755554315e+00
-3.122890719354768141e+00
-3.127458103992286187e+00
-3.132095665727511413e+00
-3.136804744946048107e+00
-3.141586660893191496e+00
-3.146442711105878143e+00
-3.151374170637782690e+00
-3.156382291864897383e+00
-3.161468303639103805e+00
-3.166633410900223211e+00
-3.171878794105037258e+00
-3.177205608642439394e+00
-3.182614984451892504e+00
-3.188108025370576026e+00
-3.193685808627348965e+00
-3.199349384471962043e+00
-3.205099775540428020e+00
-3.210937976365399127e+00
-3.216864953046497888e+00
-3.222881642539749070e+00
-3.228988952391085743e+00
-3.235187760279699010e+00
-3.241478913238191595e+00
-3.247863227639594008e+00
-3.254341488621737888e+00
-3.260914449318853769e+00
-3.267582831101980112e+00
-3.274347322400283922e+00
-3.281208578968062728e+00
-3.288167223108862114e+00
-3.295223843291771093e+00
-3.302378993970681353e+00
-3.309633195055409427e+00
-3.316986931529160465e+00
-3.324440653282218605e+00
-3.331994774516191082e+00
-3.339649673600783242e+00
-3.347405692726111326e+00
-3.355263137436971910e+00
-3.363222276526838250e+00
-3.371283341597400174e+00
-3.379446526806296092e+00
-3.387711988811199504e+00
-3.396079845932295171e+00
-3.404550178600750598e+00
-3.413123028669757364e+00
-3.421798399212890196e+00
-3.430576254479828169e+00
-3.439456519509737298e+00
-3.448439080039804594e+00
-3.457523782271575641e+00
-3.466710432638238082e+00
-3.475998797729887180e+00
-3.485388604087454656e+00
-3.494879537997674479e+00
-3.504471245480256236e+00
-3.514163332014295094e+00
-3.523955362512266820e+00
-3.533846861362893055e+00
-3.543837311828812453e+00
-3.553926156653772317e+00
-3.564112797527660081e+00
-3.574396594954717177e+00
-3.584776868774063985e+00
-3.595252897321782548e+00
-3.605823918187634813e+00
-3.616489127677356752e+00
-3.627247680939953423e+00
-3.638098692084822616e+00
-3.649041234129571709e+00
-3.660074338949379502e+00
-3.671196997508139326e+00
-3.682408159695757188e+00
-3.693706734587306251e+00
-3.705091590440123817e+00
-3.716561554692617175e+00
-3.728115414197966881e+00
-3.739751915468018773e+00
-3.751469764223680059e+00
-3.763267626406993749e+00
-3.775144127349294276e+00
-3.787097852865302539e+00
-3.799127348790227732e+00
-3.811231121305025837e+00
-3.823407637320376473e+00
-3.835655324383822951e+00
-3.847972571182377788e+00
-3.860357727624132540e+00
-3.872809104967856797e+00
-3.885324976323547563e+00
-3.897903576768544376e+00
-3.910543103505933260e+00
-3.923241716442597671e+00
-3.935997538128228612e+00
-3.948808654328105128e+00
-3.961673114415952934e+00
-3.974588931087944754e+00
-3.987554081582141308e+00
-4.000566507393227944e+00
-4.013624114728949976e+00
-4.026724775180575477e+00
-4.039866325521541235e+00
-4.053046568848351683e+00
-4.066263274402684758e+00
-4.079514178062846774e+00
-4.092796982983384346e+00
-4.106109359886589871e+00
-4.119448947365910385e+00
-4.132813352640114068e+00
-4.146200151652882582e+00
-4.159606889848974198e+00
-4.173031082509393919e+00
-4.186470215103253345e+00
-4.199921744003376034e+00
-4.213383097062836313e+00
-4.226851673517622920e+00
-4.240324845469076287e+00
-4.253799957344080340e+00
-4.267274327411922030e+00
-4.280745247694619948e+00
-4.294209984613575060e+00
-4.307665779770610825e+00
-4.321109850364950766e+00
-4.334539389649078700e+00
-4.347951567819807295e+00
-4.361343532226506170e+00
-4.374712408310286627e+00
-4.388055300056880270e+00
-4.401369290452850969e+00
-4.414651442453741303e+00
-4.427898799200963964e+00
-4.441108384964538303e+00
-4.454277205824054064e+00
-4.467402249718075424e+00
-4.480480487950867285e+00
-4.493508875256471136e+00
-4.506484350497839131e+00
-4.519403837650027178e+00
-4.532264246055173196e+00
-4.545062471455906916e+00
-4.557795396517744457e+00
-4.570459891355264759e+00
-4.583052814528738139e+00
-4.595571013579226261e+00
-4.608011325567530569e+00
-4.620370578134950890e+00
-4.632645589791059670e+00
-4.644833170947668677e+00
-4.656930124641180058e+00
-4.668933246751769239e+00
-4.680839327333558231e+00
-4.692645151170111717e+00
-4.704347498018981000e+00
-4.715943144164943313e+00
-4.727428862277816890e+00
-4.738801422866343316e+00
-4.750057594611297951e+00
-4.761194145049085336e+00
-4.772207841586094013e+00
-4.783095452078632626e+00
-4.793853745417357537e+00
-4.804479492600195911e+00
-4.814969467125989944e+00
-4.825320445963708238e+00
-4.835529210240562037e+00
-4.845592545834993992e+00
-4.855507244274079426e+00
-4.865270103545971558e+00
-4.874877928435769725e+00
-4.884327531818096091e+00
-4.893615734833502096e+00
-4.902739368095894612e+00
-4.911695272165493620e+00
-4.920480298251915130e+00
-4.929091309110203767e+00
-4.937525179584801194e+00
-4.945778797519711389e+00
-4.953849064339460817e+00
-4.961732895760896156e+00
-4.969427222651026987e+00
-4.976928991603743135e+00
-4.984235165665269029e+00
-4.991342725126194146e+00
-4.998248668100930381e+00
-5.004950011366908313e+00
-5.011443790986258584e+00
-5.017727062902434199e+00
-5.023796903838050554e+00
-5.029650411841988245e+00
-5.035284706908981001e+00
-5.040696931891961441e+00
-5.045884252825897143e+00
-5.050843859954994741e+00
-5.055572968130166878e+00
-5.060068817545874786e+00
-5.064328674453941304e+00
-5.068349831695744712e+00
-5.072129609384305127e+00
-5.075665355607272389e+00
-5.078954446869932582e+00
-5.081994288921197978e+00
-5.084782317265908347e+00
-5.087315997683688806e+00
-5.089592827008786458e+00
-5.091610333602552885e+00
-5.093366077916432921e+00
-5.094857653170340228e+00
-5.096082685813358104e+00
-5.097038836156671415e+00
-5.097723798930557493e+00
-5.098135303724009582e+00
-5.098271115668207898e+00
-5.098129035891657779e+00
-5.097706901982491878e+00
-5.097002588641750265e+00
-5.096014008029047027e+00
-5.094739110390427150e+00
-5.093175884483245319e+00
-5.091322358008586235e+00
-5.089176598171185617e+00
-5.086736712101988189e+00
-5.084000847260065292e+00
-5.080967191883241973e+00
-5.077633975551774093e+00
-5.073999469371635485e+00
-5.070061986575616686e+00
-5.065819882918399131e+00
-5.061271556835030161e+00
-5.056415450255773436e+00
-5.051250048433697515e+00
-5.045773880746222240e+00
-5.039985520897155347e+00
-5.033883587148831218e+00
-5.027466742806882216e+00
-5.020733696457710948e+00
-5.013683202271843165e+00
-5.006314060394542409e+00
-4.998625117048158373e+00
-4.990615264961081543e+00
-4.982283443652513633e+00
-4.973628639541500362e+00
-4.964649886141895507e+00
-4.955346264787885424e+00
-4.945716903979752388e+00
-4.935760980620104377e+00
-4.925477719217720818e+00
-4.914866392762185399e+00
-4.903926322720676190e+00
-4.892656879008796089e+00
-4.881057480328813369e+00
-4.869127594368352518e+00
-4.856866737634857323e+00
-4.844274475955251624e+00
-4.831350424276635636e+00
-4.818094246817422821e+00
-4.804505657370923721e+00
-4.790584419144553685e+00
-4.776330344593293198e+00
-4.761743296361346189e+00
-4.746823185992074201e+00
-4.731569975384551263e+00
-4.715983675522303464e+00
-4.700064347239924167e+00
-4.683812101147553086e+00
-4.667227097209130093e+00
-4.650309545402822486e+00
-4.633059704736828266e+00
-4.615477883967335160e+00
-4.597564441321545736e+00
-4.579319784257499748e+00
-4.560744369416613431e+00
-4.541838702802749594e+00
-4.522603339213310036e+00
-4.503038882548841215e+00
-4.483145985339534789e+00
-4.462925348732105668e+00
-4.442377722488279446e+00
-4.421503904593257595e+00
-4.400304740820168092e+00
-4.378781125590375467e+00
-4.356934000177307809e+00
-4.334764354242470752e+00
-4.312273223982119319e+00
-4.289461692969033457e+00
-4.266330891679489312e+00
-4.242881996958271174e+00
-4.219116231928730087e+00
-4.195034865915117095e+00
-4.170639213703668524e+00
-4.145930635770095130e+00
-4.120910537509239191e+00
-4.095580369113337227e+00
-4.069941625462913493e+00
-4.043995845463192573e+00
-4.017744611428807566e+00
-3.991189550005042719e+00
-3.964332329845319691e+00
-3.937174663383904871e+00
-3.909718304461894611e+00
-3.881965049233248699e+00
-3.853916735521498271e+00
-3.825575242025842204e+00
-3.796942488138166372e+00
-3.768020433773274114e+00
-3.738811078334012716e+00
-3.709316460992420517e+00
-3.679538659548701851e+00
-3.649479790312503802e+00
-3.619142007866189559e+00
-3.588527503957851472e+00
-3.557638507785480630e+00
-3.526477284895389808e+00
-3.495046136476672949e+00
-3.463347400244332963e+00
-3.431383448301488670e+00
-3.399156686956321671e+00
-3.366669557620349362e+00
-3.333924533825424419e+00
-3.300924123388267795e+00
-3.267670865386937074e+00
-3.234167331167013604e+00
-3.200416123588314399e+00
-3.166419875868957234e+00
-3.132181251382038845e+00
-3.097702943406883236e+00
-3.062987673743388317e+00
-3.028038193066256323e+00
-2.992857279519673952e+00
-2.957447738451631558e+00
-2.921812402194642111e+00
-2.885954128868607249e+00
-2.849875801498920946e+00
-2.813580329138785086e+00
-2.777070643546043271e+00
-2.740349701520646164e+00
-2.703420481569233313e+00
-2.666285984996672020e+00
-2.628949235043027688e+00
-2.591413275626841539e+00
-2.553681171071949141e+00
-2.515756005858886368e+00
-2.477640883097791846e+00
-2.439338924892299421e+00
-2.400853270814486518e+00
-2.362187077628531640e+00
-2.323343519035752092e+00
-2.284325784378078428e+00
-2.245137077719439933e+00
-2.205780619020638156e+00
-2.166259640609151660e+00
-2.126577389671608920e+00
-2.086737124703065493e+00
-2.046742116557340729e+00
-2.006595648204401172e+00
-1.966301011798415876e+00
-1.925861511098684309e+00
-1.885280457863632853e+00
-1.844561173064871440e+00
-1.803706985985671807e+00
-1.762721232864893128e+00
-1.721607256656219276e+00
-1.680368406801336478e+00
-1.639008037588284727e+00
-1.597529508635159967e+00
-1.555936183245344662e+00
-1.514231428184719785e+00
-1.472418613472622706e+00
-1.430501111008266157e+00
-1.388482293678660051e+00
-1.346365536662013307e+00
-1.304154213724921130e+00
-1.261851699922654113e+00
-1.219461367942027419e+00
-1.176986589364580782e+00
-1.134430733836144567e+00
-1.091797167683167258e+00
-1.049089253741334105e+00
-1.006310351197331476e+00
-9.634638139310290894e-01
-9.205529910847247699e-01
-8.775812254734939311e-01
-8.345518533786198123e-01
-7.914682044143560580e-01
-7.483336002309696200e-01
-7.051513536236196922e-01
-6.619247699752233149e-01
-6.186571435370782357e-01
-5.753517602618141158e-01
-5.320118941775645593e-01
-4.886408085967587356e-01
-4.452417560331426993e-01
-4.018179755658692343e-01
-3.583726940629532454e-01
-3.149091254308441501e-01
-2.714304692257939466e-01
-2.279399112442629105e-01
-1.844406220588097334e-01
-1.409357568828204788e-01
-9.742845554501701477e-02
-5.392184099600908637e-02
-1.041901994040347369e-02
3.307691864454984781e-02
7.656290350177971660e-02
1.200358811823331040e-01
1.634928172198963081e-01
2.069306967794378727e-01
2.503465232305334132e-01
2.937373216186286440e-01
3.371001356995861342e-01
3.804320315112328932e-01
4.237300957501975995e-01
4.669914364958470676e-01
5.102131843167585501e-01
5.533924921728912150e-01
5.965265354292843547e-01
6.396125132168140048e-01
6.826476475736228400e-01
7.256291849071236921e-01
7.685543958550958843e-01
8.114205751382780329e-01
8.542250427309270311e-01
8.969651442845816280e-01
9.396382496453832278e-01
9.822417561100049710e-01
1.024773085399596217e+00
1.067229687016822748e+00
1.109609036594170650e+00
1.151908636332417135e+00
1.194126016082238673e+00
1.236258733107972629e+00
1.278304371844666054e+00
1.320260545239545502e+00
1.362124893693853034e+00
1.403895086384185253e+00
1.445568820981795843e+00
1.487143823366077644e+00
1.528617848628463838e+00
1.569988681396448316e+00
1.611254134258618853e+00
1.652412050282141998e+00
1.693460301261927148e+00
1.734396788956588997e+00
1.775219445358258819e+00
1.815926230972526589e+00
1.856515137858160580e+00
1.896984186578039244e+00
1.937331429058334553e+00
1.977554947007129638e+00
2.017652852049241385e+00
2.057623286605837709e+00
2.097464423475527973e+00
2.137174465412721158e+00
2.176751646215227431e+00
2.216194229600849663e+00
2.255500510121526414e+00
2.294668812855193529e+00
2.333697492944983409e+00
2.372584936223801400e+00
2.411329559467067174e+00
2.449929808626021277e+00
2.488384161411488549e+00
2.526691124441263092e+00
2.564849235704269148e+00
2.602857062941762667e+00
2.640713203702550249e+00
2.678416285875240277e+00
2.715964967299441035e+00
2.753357935223858632e+00
2.790593907047396627e+00
2.827671629268742048e+00
2.864589878206167839e+00
2.901347459421052655e+00
2.937943207313531868e+00
2.974375985485117724e+00
3.010644686855841634e+00
3.046748231878346314e+00
3.082685570806968034e+00
3.118455681001122581e+00
3.154057568628899855e+00
3.189490268034121279e+00
3.224752840210571403e+00
3.259844374748928075e+00
3.294763988036518931e+00
3.329510823313234891e+00
3.364084051040399093e+00
3.398482867815109998e+00
3.432706496909015303e+00
3.466754187602802517e+00
3.500625214673184882e+00
3.534318878897246829e+00
3.567834505793226363e+00
3.601171446254681108e+00
3.634329075862948955e+00
3.667306794206118159e+00
3.700104025284147724e+00
3.732720217216713987e+00
3.765154840643028855e+00
3.797407390599249144e+00
3.829477383714138039e+00
3.861364360199280643e+00
3.893067882083197428e+00
3.924587532983471849e+00
3.955922918422535961e+00
3.987073665106403819e+00
4.018039420212413226e+00
4.048819851895061994e+00
4.079414647954441087e+00
4.109823516327342219e+00
4.140046184356841685e+00
4.170082398071997432e+00
4.199931922442710075e+00
4.229594541088549597e+00
4.259070054582370091e+00
4.288358282208175609e+00
4.317459059247258146e+00
4.346372238710230818e+00
4.375097689727867056e+00
4.403635296834101709e+00
4.431984961016637747e+00
4.460146598126486950e+00
4.488120138581102481e+00
4.515905527637736228e+00
4.543502724181196051e+00
4.570911700957690726e+00
4.598132443969493721e+00
4.625164951692302573e+00
4.652009235320126557e+00
4.678665318036987486e+00
4.705133234302776302e+00
4.731413030158631017e+00
4.757504762053413216e+00
4.783408496960108280e+00
4.809124312150221847e+00
4.834652293634372100e+00
4.859992537501849341e+00
4.885145147654319508e+00
4.910110237074145623e+00
4.934887926388134893e+00
4.959478343558680002e+00
4.983881623885190848e+00
5.008097909402334125e+00
5.032127348200976513e+00
5.055970094580849228e+00
5.079626308048355909e+00
5.103096153464850460e+00
5.126379800377256046e+00
5.149477422450011055e+00
5.172389197413733264e+00
5.195115306843735681e+00
5.217655934748415270e+00
5.240011268750738971e+00
5.262181498029360860e+00
5.284166814486206398e+00
5.305967411363087471e+00
5.327583483036021583e+00
5.349015225002291984e+00
5.370262833269923597e+00
5.391326503821794347e+00
5.412206432742636686e+00
5.432902815273388697e+00
5.453415846002723555e+00
5.473745718258054893e+00
5.493892623599285763e+00
5.513856751878576823e+00
5.533638290683006389e+00
5.553237424837692338e+00
5.572654336534760056e+00
5.591889204470471775e+00
5.610942203959577768e+00
5.629813506713949423e+00
5.648503279676822864e+00
5.667011685975203328e+00
5.685338883744221583e+00
5.703485025979971645e+00
5.721450260618355266e+00
5.739234729762252130e+00
5.756838569852151366e+00
5.774261911208101949e+00
5.791504877593484757e+00
5.808567586383821535e+00
5.825450147843270088e+00
5.842152665297924763e+00
5.858675234721736125e+00
5.875017944344671506e+00
5.891180874715054472e+00
5.907164098579960054e+00
5.922967679934290963e+00
5.938591674988865421e+00
5.954036130711084063e+00
5.969301085787995120e+00
5.984386569712540016e+00
5.999292602727438251e+00
6.014019195901219028e+00
6.028566350817754937e+00
6.042934059288763038e+00
6.057122303534141494e+00
6.071131055668737453e+00
6.084960277909225113e+00
6.098609922291129415e+00
6.112079930442077647e+00
6.125370233677511322e+00
6.138480753002514945e+00
6.151411398439321054e+00
6.164162069684865131e+00
6.176732655471917077e+00
6.189123033806800400e+00
6.201333071976278255e+00
6.213362625901389436e+00
6.225211540960264855e+00
6.236879651314908735e+00
6.248366780002012177e+00
6.259672739143694820e+00
6.270797329597246339e+00
6.281740341246858428e+00
6.292501552850763957e+00
6.303080731964374905e+00
6.313477635180970715e+00
6.323692008009464516e+00
6.333723584828499398e+00
6.343572089170986139e+00
6.353237233473631562e+00
6.362718719331904360e+00
6.372016237673971517e+00
6.381129468283498696e+00
6.390058080691959574e+00
6.398801733396584090e+00
6.407360074710679143e+00
6.415732742408884803e+00
6.423919363885840284e+00
6.431919556413181027e+00
6.439732927208607904e+00
6.447359073440724231e+00
6.454797582555547919e+00
6.462048032264955388e+00
6.469109990786139797e+00
6.475983017007968634e+00
6.482666660526754221e+00
6.489160461939654567e+00
6.495463953138419733e+00
6.501576657056317821e+00
6.507498088453506746e+00
6.513227753578104462e+00
6.518765150711240075e+00
6.524109770350094095e+00
6.529261095154717864e+00
6.534218600564458690e+00
6.538981754725270434e+00
6.543550018860604389e+00
6.547922847491737031e+00
6.552099688688863388e+00
6.556079984322295218e+00
6.559863170323546377e+00
6.563448676967457374e+00
6.566835929124611226e+00
6.570024346547266525e+00
6.573013344175965500e+00
6.575802332385325855e+00
6.578390717334542614e+00
6.580777901198120894e+00
6.582963282581515863e+00
6.584946256668650300e+00
6.586726215725451361e+00
6.588302549253574725e+00
6.589674644445047136e+00
6.590841886403369543e+00
6.591803658586093739e+00
6.592559343044705145e+00
6.593108320806681633e+00
6.593449972276526516e+00
6.593583677481510641e+00
6.593508816491528535e+00
6.593224769801856233e+00
6.592730918609977842e+00
6.592026645245800509e+00
6.591111333545663697e+00
6.589984369169775924e+00
6.588645140037477255e+00
6.587093036658039580e+00
6.585327452506539281e+00
6.583347784495559019e+00
6.581153433220936044e+00
6.578743803444037752e+00
6.576118304500331746e+00
6.573276350579869920e+00
6.570217361235401121e+00
6.566940761725839515e+00
6.563445983412454332e+00
6.559732464185396239e+00
6.555799648789411016e+00
6.551646989329028337e+00
6.547273945616852941e+00
6.542679985524355146e+00
6.537864585496838465e+00
6.532827230869330037e+00
6.527567416331859107e+00
6.522084646244852735e+00
6.516378435124408064e+00
6.510448308068190748e+00
6.504293801067252190e+00
6.497914461429368238e+00
6.491309848279802175e+00
6.484479532841196381e+00
6.477423098943357438e+00
6.470140143287735235e+00
6.462630275976121830e+00
6.454893120897905234e+00
6.446928316002358272e+00
6.438735513829860757e+00
6.430314381901180987e+00
6.421664602937478428e+00
6.412785875560093274e+00
6.403677914346643796e+00
6.394340450358799721e+00
6.384773231714534703e+00
6.374976023492332722e+00
6.364948608755049086e+00
6.354690788268792190e+00
6.344202381254694600e+00
6.333483225827030161e+00
6.322533179041618823e+00
6.311352117422162067e+00
6.299939937495928177e+00
6.288296555737813875e+00
6.276421909392192688e+00
6.264315956402539243e+00
6.251978675928979712e+00
6.239410068874235549e+00
6.226610157876181439e+00
6.213578987664504005e+00
6.200316625886748589e+00
6.186823162669963239e+00
6.173098711604927402e+00
6.159143409603325736e+00
6.144957417219233164e+00
6.130540919537302180e+00
6.115894125566759598e+00
6.101017269118169217e+00
6.085910609116584880e+00
6.070574429425313667e+00
6.055009039674577487e+00
6.039214775031560123e+00
6.023191996665930859e+00
6.006941092220607459e+00
5.990462475620174310e+00
5.973756587522887074e+00
5.956823895777343836e+00
5.939664895138283995e+00
5.922280108010377297e+00
5.904670084325198687e+00
5.886835401580028382e+00
5.868776665874626985e+00
5.850494510938517578e+00
5.831989599080114495e+00
5.813262621355242743e+00
5.794314297239639089e+00
5.775145375357468858e+00
5.755756633207631978e+00
5.736148877421514136e+00
5.716322944148902074e+00
5.696279698741236075e+00
5.676020036346654862e+00
5.655544881572216909e+00
5.634855188831696005e+00
5.613951942570531095e+00
5.592836157081860549e+00
5.571508876402218036e+00
5.549971175323781480e+00
5.528224158038101521e+00
5.506268959655235662e+00
5.484106745129652793e+00
5.461738709540863823e+00
5.439166078946841232e+00
5.416390109047833690e+00
5.393412086187066912e+00
5.370233327182980076e+00
5.346855178917327756e+00
5.323279018882558944e+00
5.299506254626066948e+00
5.275538323984041433e+00
5.251376695226726454e+00
5.227022866542400337e+00
5.202478366248305619e+00
5.177744752917624815e+00
5.152823614738554880e+00
5.127716570130336216e+00
5.102425267064781167e+00
5.076951382892962883e+00
5.051296625294180664e+00
5.025462730555349644e+00
4.999451464586738503e+00
4.973264622604603780e+00
4.946904028461373670e+00
4.920371535220668058e+00
4.893669024315752125e+00
4.866798405661528548e+00
4.839761617763287838e+00
4.812560626931254859e+00
4.785197427368910184e+00
4.757674041257685893e+00
4.729992517840136301e+00
4.702154933983346830e+00
4.674163393331858707e+00
4.646020025908545570e+00
4.617726989146696326e+00
4.589286465569997198e+00
4.560700664680424232e+00
4.531971821063978112e+00
4.503102194391281898e+00
4.474094070355091546e+00
4.444949758449123323e+00
4.415671592982645777e+00
4.386261932595444613e+00
4.356723159307565929e+00
4.327057678981444333e+00
4.297267920287044518e+00
4.267356334622746772e+00
4.237325396074747452e+00
4.207177600426141417e+00
4.176915465085288659e+00
4.146541529008676896e+00
4.116058351586212360e+00
4.085468513059061557e+00
4.054774613501868963e+00
4.023979272195151502e+00
3.993085128639378478e+00
3.962094840076314295e+00
3.931011082484233032e+00
3.899836549935074004e+00
3.868573953520697106e+00
3.837226021728073810e+00
3.805795499244641444e+00
3.774285146804905899e+00
3.742697741029030745e+00
3.711036073307271810e+00
3.679302949634567277e+00
3.647501190430976870e+00
3.615633629297483331e+00
3.583703113371002669e+00
3.551712502165434326e+00
3.519664666845472301e+00
3.487562491217767402e+00
3.455408869030642816e+00
3.423206704982464377e+00
3.390958913951673814e+00
3.358668419697495633e+00
3.326338155746238812e+00
3.293971062977042674e+00
3.261570090483647988e+00
3.229138194811497442e+00
3.196678338747558801e+00
3.164193491595310714e+00
3.131686627895131192e+00
3.099160727131278659e+00
3.066618773517382213e+00
3.034063754761198606e+00
3.001498661785967137e+00
2.968926488505619243e+00
2.936350230472527745e+00
2.903772885123788949e+00
2.871197450597282597e+00
2.838626924869995349e+00
2.806064306716089529e+00
2.773512592923775166e+00
2.740974779213613211e+00
2.708453859441251943e+00
2.675952824343062364e+00
2.643474661759257938e+00
2.611022355337304202e+00
2.578598884223304299e+00
2.546207222746847965e+00
2.513850339234942055e+00
2.481531195699133718e+00
2.449252747516190265e+00
2.417017942153036891e+00
2.384829719325424424e+00
2.352691009841676006e+00
2.320604734711202877e+00
2.288573806084815754e+00
2.256601124480698495e+00
2.224689579729938416e+00
2.192842050078370963e+00
2.161061401054949371e+00
2.129350485612580446e+00
2.097712142888846554e+00
2.066149197889954436e+00
2.034664461168725236e+00
2.003260727692514287e+00
1.971940776529982342e+00
1.940707370532041898e+00
1.909563255128114978e+00
1.878511158456357188e+00
1.847553790283122721e+00
1.816693841133290688e+00
1.785933983107302891e+00
1.755276867569491861e+00
1.724725125906538592e+00
1.694281368234431540e+00
1.663948182666407094e+00
1.633728136242525997e+00
1.603623772195736708e+00
1.573637611029452321e+00
1.543772149600884269e+00
1.514029860126201887e+00
1.484413190381378866e+00
1.454924562467475813e+00
1.425566372671461135e+00
1.396340991194285674e+00
1.367250761036535867e+00
1.338297997874211775e+00
1.309484989798697985e+00
1.280813996136340949e+00
1.252287247797931435e+00
1.223906946222294234e+00
1.195675262609945166e+00
1.167594339005228576e+00
1.139666285695163594e+00
1.111893182307807315e+00
1.084277077061632566e+00
1.056819985771259462e+00
1.029523892222736325e+00
1.002390747094084489e+00
9.754224677616368799e-01
9.486209382495930376e-01
9.219880082719372760e-01
8.955254930566490801e-01
8.692351733315064610e-01
8.431187942347184716e-01
8.171780657363514333e-01
7.914146617511961246e-01
7.658302195042597793e-01
7.404263406128591685e-01
7.152045888521649797e-01
6.901664910101239503e-01
6.653135369042720848e-01
6.406471775213704589e-01
6.161688267351074222e-01
5.918798591680567434e-01
5.677816110616537015e-01
5.438753798827273833e-01
5.201624235811337371e-01
4.966439608968991615e-01
4.733211707011247826e-01
4.501951919462102158e-01
4.272671236137337014e-01
4.045380241731260096e-01
3.820089115552917081e-01
3.596807631240969139e-01
3.375545151248636744e-01
3.156310629424317615e-01
2.939112606607814371e-01
2.723959206523887122e-01
2.510858145227854443e-01
2.299816714983431432e-01
2.090841793925669878e-01
1.883939842220730687e-01
1.679116898585873430e-01
1.476378583266073907e-01
1.275730093980402269e-01
1.077176206729593827e-01
8.807212765905199359e-02
6.863692345837876796e-02
4.941235887379794717e-02
3.039874251425000659e-02
1.159634046675232615e-02
-6.994623280321866574e-03
-2.537396721456713564e-02
-4.354155235030824495e-02
-6.149728135784060523e-02
-7.924109976575752223e-02
-9.677299498539521094e-02
-1.140929964987780626e-01
-1.312011760619863909e-01
-1.480976468960935322e-01
-1.647825647006788130e-01
-1.812561266014663108e-01
-1.975185712768739998e-01
-2.135701791153860329e-01
-2.294112718117033156e-01
-2.450422122015079307e-01
-2.604634043342148320e-01
-2.756752929661488993e-01
-2.906783637622182281e-01
-3.054731428689086981e-01
-3.200601966281484412e-01
-3.344401317299121601e-01
-3.486135945432192740e-01
-3.625812711862574922e-01
-3.763438874814152291e-01
-3.899022078506236832e-01
-4.032570362230102901e-01
-4.164092149111027208e-01
-4.293596245406637313e-01
-4.421091840280592100e-01
-4.546588498799579159e-01
-4.670096162034764742e-01
-4.791625143100524120e-01
-4.911186121978832753e-01
-5.028790144809782703e-01
-5.144448619697596925e-01
-5.258173311339826572e-01
-5.369976340260280701e-01
-5.479870176701446827e-01
-5.587867637865189252e-01
-5.693981886253409730e-01
-5.798226418911541780e-01
-5.900615071956095692e-01
-6.001162010896763377e-01
-6.099881727008213961e-01
-6.196789035480884111e-01
-6.291899066943393848e-01
-6.385227268438716797e-01
-6.476789394258416488e-01
-6.566601502880592411e-01
-6.654679952750915950e-01
-6.741041397540359359e-01
-6.825702779779218021e-01
-6.908681328094565810e-01
-6.989994550481771762e-01
-7.069660230403094214e-01
-7.147696421213541873e-01
-7.224121440579530651e-01
-7.298953865742142666e-01
-7.372212529365963496e-01
-7.443916510322973190e-01
-7.514085133845749276e-01
-7.582737960118739462e-01
-7.649894784127611036e-01
-7.715575626396500297e-01
-7.779800728486598871e-01
-7.842590547797824163e-01
-7.903965750908789056e-01
-7.963947208555767210e-01
-8.022555989440673940e-01
-8.079813354032380213e-01
-8.135740749254407600e-01
-8.190359802182531901e-01
-8.243692313735918598e-01
-8.295760253366346593e-01
-8.346585751877179105e-01
-8.396191096372765950e-01
-8.444598724217462493e-01
-8.491831214620058077e-01
-8.537911285743308154e-01
-8.582861785949579270e-01
-8.626705688266548266e-01
-8.669466084535271122e-01
-8.711166178165971052e-01
-8.751829278834862835e-01
-8.791478795447545957e-01
-8.830138229538072592e-01
-8.867831169702034000e-01
-8.904581284579338174e-01
-8.940412316215180510e-01
-8.975348074497117024e-01
-9.009412429605627715e-01
-9.042629306431362313e-01
-9.075022678222787187e-01
-9.106616558651363658e-01
-9.137434997162419137e-01
-9.167502072016241454e-01
-9.196841882502451160e-01
-9.225478544844853968e-01
-9.253436183202019549e-01
-9.280738925488435376e-01
-9.307410895542982399e-01
-9.333476206923676521e-01
-9.358958956957739161e-01
-9.383883220065324382e-01
-9.408273041154856520e-01
-9.432152429826644591e-01
-9.455545353409205989e-01
-9.478475731215553202e-01
-9.500967427960955725e-01
-9.523044247342734581e-01
-9.544729926329007519e-01
-9.566048128266533279e-01
-9.587022437334637992e-01
-9.607676352260992036e-01
-9.628033279592700389e-01
-9.648116528718565510e-01
-9.667949304973683100e-01
-9.687554703850468352e-01
-9.706955705441194793e-01
-9.726175167822713741e-01
-9.745235821932012321e-01
-9.764160265432748620e-01
-9.782970956590598677e-01
-9.801690209307231116e-01
-9.820340186876319599e-01
-9.838942896474049959e-01
-9.857520183994539220e-01
-9.876093727780838050e-01
-9.894685034014060188e-01
-9.913315431046240134e-01
-9.932006063462186507e-01
-9.950777887883904826e-01
-9.969651667206281820e-01
-9.988647965036546728e-01
-1.000778714178021778e+00
-1.002708934827687193e+00
-1.004657452209920532e+00
-1.006626238213937929e+00
-1.008617242338286646e+00
-1.010632391315644973e+00
-1.012673588602653663e+00
-1.014742713871464863e+00
-1.016841622682324919e+00
-1.018972145904020854e+00
-1.021136089405392244e+00
-1.023335233579630188e+00
-1.025571332870512498e+00
-1.027846115477576427e+00
-1.030161282904406006e+00
-1.032518509502443171e+00
-1.034919442225580966e+00
-1.037365700139437408e+00
-1.039858874105257458e+00
-1.042400526462041732e+00
-1.044992190564667522e+00
-1.047635370599322657e+00
-1.050331541134046365e+00
-1.053082146846753053e+00
-1.055888602249869246e+00
-1.058752291320726791e+00
-1.061674567249678347e+00
-1.064656752194590439e+00
-1.067700136936573729e+00
-1.070805980673763314e+00
-1.073975510750848850e+00
-1.077209922412285525e+00
-1.080510378626481360e+00
-1.083878009769630779e+00
-1.087313913481477101e+00
-1.090819154485192177e+00
-1.094394764320893998e+00
-1.098041741231802204e+00
-1.101761049942481252e+00
-1.105553621590029012e+00
-1.109420353467350795e+00
-1.113362108942173023e+00
-1.117379717314743059e+00
-1.121473973750927167e+00
-1.125645639081522376e+00
-1.129895439784090350e+00
-1.134224067844041173e+00
-1.138632180761344648e+00
-1.143120401389801755e+00
-1.147689317914788898e+00
-1.152339483874647685e+00
-1.157071418049800071e+00
-1.161885604423884555e+00
-1.166782492332609555e+00
-1.171762496184355795e+00
-1.176825995790525159e+00
-1.181973336150154097e+00
-1.187204827550192965e+00
-1.192520745683018246e+00
-1.197921331589457239e+00
-1.203406791749710436e+00
-1.208977298264702460e+00
-1.214632988713445050e+00
-1.220373966501520968e+00
-1.226200300851862268e+00
-1.232112026799133675e+00
-1.238109145594874727e+00
-1.244191624522279938e+00
-1.250359397316821664e+00
-1.256612364244116486e+00
-1.262950392048315384e+00
-1.269373314495927163e+00
-1.275880932345697438e+00
-1.282473013458235833e+00
-1.289149293292948251e+00
-1.295909474780373882e+00
-1.302753228850135780e+00
-1.309680194537854447e+00
-1.316689979095794882e+00
-1.323782158512805562e+00
-1.330956277646644148e+00
-1.338211850360051969e+00
-1.345548360120018438e+00
-1.352965259925250407e+00
-1.360461972926210850e+00
-1.368037892598287453e+00
-1.375692382918707768e+00
-1.383424778959922774e+00
-1.391234387151755847e+00
-1.399120485337225217e+00
-1.407082323639192278e+00
-1.415119124309229370e+00
-1.423230082465592350e+00
-1.431414366345944877e+00
-1.439671117528929400e+00
-1.447999451621327260e+00
-1.456398458513136873e+00
-1.464867202636308097e+00
-1.473404723707912867e+00
-1.482010036841272083e+00
-1.490682133152972044e+00
-1.499419980203329672e+00
-1.508222522287516743e+00
-1.517088681018057272e+00
-1.526017355868356296e+00
-1.535007424293125755e+00
-1.544057742645081666e+00
-1.553167146213424221e+00
-1.562334450077281112e+00
-1.571558449410391356e+00
-1.580837919907488676e+00
-1.590171618460075154e+00
-1.599558283477602538e+00
-1.608996635592521374e+00
-1.618485378020647625e+00
-1.628023197068725558e+00
-1.637608762822591713e+00
-1.647240729520852875e+00
-1.656917736089137172e+00
-1.666638406802269268e+00
-1.676401351645148363e+00
-1.686205167041783914e+00
-1.696048436354174349e+00
-1.705929730203891159e+00
-1.715847607389608731e+00
-1.725800615292834461e+00
-1.735787290199376276e+00
-1.745806158404108244e+00
-1.755855736083173912e+00
-1.765934530559182036e+00
-1.776041040397041249e+00
-1.786173756078769603e+00
-1.796331160735158639e+00
-1.806511730567802010e+00
-1.816713935399796531e+00
-1.826936239473874624e+00
-1.837177101691150893e+00
-1.847434976538630647e+00
-1.857708314516189452e+00
-1.867995562566151291e+00
-1.878295164938645900e+00
-1.888605563743228410e+00
-1.898925199110712336e+00
-1.909252510499985123e+00
-1.919585936480741717e+00
-1.929923916041537124e+00
-1.940264888745510508e+00
-1.950607295286705734e+00
-1.960949578344311828e+00
-1.971290183010451891e+00
-1.981627557220106972e+00
-1.991960152671218953e+00
-2.002286425005474602e+00
-2.012604834722693248e+00
-2.022913847602593851e+00
-2.033211935128482750e+00
-2.043497575377908326e+00
-2.053769253254264626e+00
-2.064025461247666282e+00
-2.074264700085259427e+00
-2.084485478800166991e+00
-2.094686315944012112e+00
-2.104865739725607199e+00
-2.115022288415472573e+00
-2.125154511463910989e+00
-2.135260969313459878e+00
-2.145340234558232417e+00
-2.155390892119044999e+00
-2.165411539764258375e+00
-2.175400788788539153e+00
-2.185357264475089156e+00
-2.195279606430515784e+00
-2.205166469388888828e+00
-2.215016523401541981e+00
-2.224828454550054957e+00
-2.234600965369805792e+00
-2.244332775202584340e+00
-2.254022620827966339e+00
-2.263669257003270818e+00
-2.273271456500693954e+00
-2.282828011188608119e+00
-2.292337731815481394e+00
-2.301799449045590418e+00
-2.311212013531547704e+00
-2.320574296361157085e+00
-2.329885189630632958e+00
-2.339143606787981611e+00
-2.348348482925187941e+00
-2.357498775385810763e+00
-2.366593463926321750e+00
-2.375631551304101308e+00
-2.384612063543674054e+00
-2.393534050236811428e+00
-2.402396585027767095e+00
-2.411198766028169960e+00
-2.419939715758265830e+00
-2.428618582087074262e+00
