5.601484937348166326e+00
5.633385780909441642e+00
5.665316213892838348e+00
5.697273254200156956e+00
5.729253933024620160e+00
5.761255294648500502e+00
5.793274398367215916e+00
5.825308319801226098e+00
5.857354150401889115e+00
5.889409001037331670e+00
5.921470001233637426e+00
5.953534300694386161e+00
5.985599071050062392e+00
6.017661505936709787e+00
6.049718822996977607e+00
6.081768264431866911e+00
6.113807097837479887e+00
6.145832617929761987e+00
6.177842147083856261e+00
6.209833036139341012e+00
6.241802666186832660e+00
6.273748448571146774e+00
6.305667826515419350e+00
6.337558276538427293e+00
6.369417307428517638e+00
6.401242463865124854e+00
6.433031325357692509e+00
6.464781507609103528e+00
6.496490664054072717e+00
6.528156485740950643e+00
6.559776702965038453e+00
6.591349085919053330e+00
6.622871445010339642e+00
6.654341632345369462e+00
6.685757542333776726e+00
6.717117111914107319e+00
6.748418322263944447e+00
6.779659198510259444e+00
6.810837811085424853e+00
6.841952276909263553e+00
6.873000758102819852e+00
6.903981465171993293e+00
6.934892656154338475e+00
6.965732636728169780e+00
6.996499762896413621e+00
7.027192438958183907e+00
7.057809120421154603e+00
7.088348313121890065e+00
7.118808573851569399e+00
7.149188511479938057e+00
7.179486786816920763e+00
7.209702113467150397e+00
7.239833258105452529e+00
7.269879040739415821e+00
7.299838335398881384e+00
7.329710070350886397e+00
7.359493228301002610e+00
7.389186847056378404e+00
7.418790019440852035e+00
7.448301893780286953e+00
7.477721674659620454e+00
7.507048621598417348e+00
7.536282051348252686e+00
7.565421336520853579e+00
7.594465906264594501e+00
7.623415246594336558e+00
7.652268900152237485e+00
7.681026466617014492e+00
7.709687602642572024e+00
7.738252021780299472e+00
7.766719494766710419e+00
7.795089849396109827e+00
7.823362970376367187e+00
7.851538799623911657e+00
7.879617335653279042e+00
7.907598634074836319e+00
7.935482807560664043e+00
7.963270024428783955e+00
7.990960510428344321e+00
8.018554547067882510e+00
8.046052471913279547e+00
8.073454678678265495e+00
8.100761615836587382e+00
8.127973788264462485e+00
8.155091755225965855e+00
8.182116130551593258e+00
8.209047582777628804e+00
8.235886834250408128e+00
8.262634660832132383e+00
8.289291891756349173e+00
8.315859408687721555e+00
8.342338145940507488e+00
8.368729089519568731e+00
8.395033276511957965e+00
8.421251795231222914e+00
8.447385783811412807e+00
8.473436430190487201e+00
8.499404971993905988e+00
8.525292694137625915e+00
8.551100930608503958e+00
8.576831062027652663e+00
8.602484515454866809e+00
8.628062764230309156e+00
8.653567326423782902e+00
8.678999764752237667e+00
8.704361685716401453e+00
8.729654738376350309e+00
8.754880614128898841e+00
8.780041045785660359e+00
8.805137806296659875e+00
8.830172708540194648e+00
8.855147603973300363e+00
8.880064381900984571e+00
8.904924969197622886e+00
8.929731327700322296e+00
8.954485455368230262e+00
8.979189384004687469e+00
9.003845178403640404e+00
9.028454935877222809e+00
9.053020784769323370e+00
9.077544883743772886e+00
9.102029420636627677e+00
9.126476611288707019e+00
9.150888698686257428e+00
9.175267951931349586e+00
9.199616664698377022e+00
9.223937154741205902e+00
9.248231762284145674e+00
9.272502849208853704e+00
9.296752797788100153e+00
9.320984009400419268e+00
9.345198903509983168e+00
9.369399916877494405e+00
9.393589501100246153e+00
9.417770123259405324e+00
9.441944262710801894e+00
9.466114411707394538e+00
9.490283072908683337e+00
9.514452758509605701e+00
9.538625989207286437e+00
9.562805292570173421e+00
9.586993202095019484e+00
9.611192255792261108e+00
9.635404994753939079e+00
9.659633962153176157e+00
9.683881701803867870e+00
9.708150756703387785e+00
9.732443668099787004e+00
9.756762973653053450e+00
9.781111206610178854e+00
9.805490894586313289e+00
9.829904557111436958e+00
9.854354705968276562e+00
9.878843842623314941e+00
9.903374457208560244e+00
9.927949027495195367e+00
9.952570017002871694e+00
9.977239874251296214e+00
1.000196103107058043e+01
1.002673590108266666e+01
1.005156687887572353e+01
1.007645633832088805e+01
1.010140663104760073e+01
1.012642008570130869e+01
1.015149900585720921e+01
1.017664566927016523e+01
1.020186232666875625e+01
1.022715119927936023e+01
1.025251447887504419e+01
1.027795432612619386e+01
1.030347286813348617e+01
1.032907219913624530e+01
1.035475437696367962e+01
1.038052142375944698e+01
1.040637532343258442e+01
1.043231802051063006e+01
1.045835141934497692e+01
1.048447738251657313e+01
1.051069772934188151e+01
1.053701423523054714e+01
1.056342862970245911e+01
1.058994259577244712e+01
1.061655776847924137e+01
1.064327573336088406e+01
1.067009802587708478e+01
1.069702612951826026e+01
1.072406147510790042e+01
1.075120543986099619e+01
1.077845934489827684e+01
1.080582445594597552e+01
1.083330198091145036e+01
1.086089306893300233e+01
1.088859880982344208e+01
1.091642023223658775e+01
1.094435830322615644e+01
1.097241392690654038e+01
1.100058794310960408e+01
1.102888112691815969e+01
1.105729418736443215e+01
1.108582776612560217e+01
1.111448243722736962e+01
1.114325870527808782e+01
1.117215700512442744e+01
1.120117770108284816e+01
1.123032108468849799e+01
1.125958737571639823e+01
1.128897672007040676e+01
1.131848918859772013e+01
1.134812477792727314e+01
1.137788340739589898e+01
1.140776492039988987e+01
1.143776908227476952e+01
1.146789557965828443e+01
1.149814402033600658e+01
1.152851393219372333e+01
1.155900476217244766e+01
1.158961587640961888e+01
1.162034655865664412e+01
1.165119601047462261e+01
1.168216335028261099e+01
1.171324761241019452e+01
1.174444774717377449e+01
1.177576262044908084e+01
1.180719101176590335e+01
1.183873161606740787e+01
1.187038304085096385e+01
1.190214380783329595e+01
1.193401235131520011e+01
1.196598701778306939e+01
1.199806606635804762e+01
1.203024766751793884e+01
1.206252990350739296e+01
1.209491076783813490e+01
1.212738816463252078e+01
1.215995990900476009e+01
1.219262372664375071e+01
1.222537725322707836e+01
1.225821803500038421e+01
1.229114352789041753e+01
1.232415109793541852e+01
1.235723802149145811e+01
1.239040148375353745e+01
1.242363858064884319e+01
1.245694631763232252e+01
1.249032160975633587e+01
1.252376128247599496e+01
1.255726207049477772e+01
1.259082061954823395e+01
1.262443348519574116e+01
1.265809713328480868e+01
1.269180794055191974e+01
1.272556219468994954e+01
1.275935609416021244e+01
1.279318574922459639e+01
1.282704718147157052e+01
1.286093632490909222e+01
1.289484902587702742e+01
1.292878104325970234e+01
1.296272804945214929e+01
1.299668563079706374e+01
1.303064928690213264e+01
1.306461443323753358e+01
1.309857639917101935e+01
1.313253043093692085e+01
1.316647169061697298e+01
1.320039525706237882e+01
1.323429612707481695e+01
1.326816921560273244e+01
1.330200935627416392e+01
1.333581130286521699e+01
1.336956972896576445e+01
1.340327922981289355e+01
1.343693432261940224e+01
1.347052944692478604e+01
1.350405896654636884e+01
1.353751716919524384e+01
1.357089826839659175e+01
1.360419640435987709e+01
1.363740564354179341e+01
1.367051998173161920e+01
1.370353334366738274e+01
1.373643958400250398e+01
1.376923248937673350e+01
1.380190577822938813e+01
1.383445310300018960e+01
1.386686805077750506e+01
1.389914414397293463e+01
1.393127484243146341e+01
1.396325354415005648e+01
1.399507358602337703e+01
1.402672824617242675e+01
1.405821074395472969e+01
1.408951424225987736e+01
1.412063184871046317e+01
1.415155661578467594e+01
1.418228154375145955e+01
1.421279958155666634e+01
1.424310362703846522e+01
1.427318653042244634e+01
1.430304109360625020e+01
1.433266007329749314e+01
1.436203618166543805e+01
1.439116208751317671e+01
1.442003041864429669e+01
1.444863376292448187e+01
1.447696466937416027e+01
1.450501565070464416e+01
1.453277918391925283e+01
1.456024771249885497e+01
1.458741364793261042e+01
1.461426937090593370e+01
1.464080723335145784e+01
1.466701956031625542e+01
1.469289865058270550e+01
1.471843677973176590e+01
1.474362620046570882e+01
1.476845914545001293e+01
1.479292782843384124e+01
1.481702444583889999e+01
1.484074117895305100e+01
1.486407019519638339e+01
1.488700365037792572e+01
1.490953369005888440e+01
1.493165245132395214e+01
1.495335206495067659e+01
1.497462465681264909e+01
1.499546234973008474e+01
1.501585726551064326e+01
1.503580152641345258e+01
1.505528725736359341e+01
1.507430658758238984e+01
1.509285165211600166e+01
1.511091459429850659e+01
1.512848756722300259e+01
1.514556273535033526e+01
1.516213227713542366e+01
1.517818838579846386e+01
1.519372327230585107e+01
1.520872916643550177e+01
1.522319831886793473e+01
1.523712300326504199e+01
1.525049551782955604e+01
1.526330818725075567e+01
1.527555336482655512e+01
1.528722343379363302e+01
1.529831080978090974e+01
1.530880794239408793e+01
1.531870731683813247e+01
1.532800145626741184e+01
1.533668292339196171e+01
1.534474432209437467e+01
1.535217829980958371e+01
1.535897754879608534e+01
1.536513480843732182e+01
1.537064286688694814e+01
1.537549456269725034e+01
1.537968278702133951e+01
1.538320048522376915e+01
1.538604065852995539e+01
1.538819636620461928e+01
1.538966072691670561e+01
1.539042692087644326e+01
1.539048819144174551e+01
1.538983784676385369e+01
1.538846926179081898e+01
1.538637587985482469e+01
1.538355121436914708e+01
1.537998885057386467e+01
1.537568244738950973e+01
1.537062573880627880e+01
1.536481253582029183e+01
1.535823672808611562e+01
1.535089228521380278e+01
1.534277325909902956e+01
1.533387378464404982e+01
1.532418808210040773e+01
1.531371045841262024e+01
1.530243530860256129e+01
1.529035711758289118e+01
1.527747046158243371e+01
1.526377000961699792e+01
1.524925052519469659e+01
1.523390686745435296e+01
1.521773399288945328e+01
1.520072695686600817e+01
1.518288091476624224e+01
1.516419112327509211e+01
1.514465294274286400e+01
1.512426183686414660e+01
1.510301337598150972e+01
1.508090323651584086e+01
1.505792720354293124e+01
1.503408117179040993e+01
1.500936114648568598e+01
1.498376324491056266e+01
1.495728369779309475e+01
1.492991884985993600e+01
1.490166516177739275e+01
1.487251921062293825e+01
1.484247769118309712e+01
1.481153741744519792e+01
1.477969532314059897e+01
1.474694846239722423e+01
1.471329401251607294e+01
1.467872927224333246e+01
1.464325166568512593e+01
1.460685874051235977e+01
1.456954817053932771e+01
1.453131775641406875e+01
1.449216542554460752e+01
1.445208923457567707e+01
1.441108736795023759e+01
1.436915814040655448e+01
1.432629999739110538e+01
1.428251151515248019e+01
1.423779140172051605e+01
1.419213849807229266e+01
1.414555177767323002e+01
1.409803034823306511e+01
1.404957345124240398e+01
1.400018046290907137e+01
1.394985089513252596e+01
1.389858439520322264e+01
1.384638074579820177e+01
1.379323986784771350e+01
1.373916181704215411e+01
1.368414678843098642e+01
1.362819511276552298e+01
1.357130725930906578e+01
1.351348383573148659e+01
1.345472558738644686e+01
1.339503339803350279e+01
1.333440829059716748e+01
1.327285142588910105e+01
1.321036410430671815e+01
1.314694776445801594e+01
1.308260398378296152e+01
1.301733447921126263e+01
1.295114110604001212e+01
1.288402585739446415e+01
1.281599086724912340e+01
1.274703840535955557e+01
1.267717088253182744e+01
1.260639084539092991e+01
1.253470097934100913e+01
1.246210410792004275e+01
1.238860319125262777e+01
1.231420132644780452e+01
1.223890174803190334e+01
1.216270782575501030e+01
1.208562306621766602e+01
1.200765111066398738e+01
1.192879573518786529e+01
1.184906085111004614e+01
1.176845050249594493e+01
1.168696886775950539e+01
1.160462025746896053e+01
1.152140911310868709e+01
1.143734000996815681e+01
1.135241765241402945e+01
1.126664687387527231e+01
1.118003263975987949e+01
1.109258004055050861e+01
1.100429429768084155e+01
1.091518075648120423e+01
1.082524488932012652e+01
1.073449229410585382e+01
1.064292869195012337e+01
1.055055992698839873e+01
1.045739196639606838e+01
1.036343089723891708e+01
1.026868292784159209e+01
1.017315438455396048e+01
1.007685171166271232e+01
9.979781471137879834e+00
9.881950339896722113e+00
9.783365108110809061e+00
9.684032682289975824e+00
9.583960077204867645e+00
9.483154422198312616e+00
9.381622952868106324e+00
9.279373014335041248e+00
9.176412059239670072e+00
9.072747644699198588e+00
8.968387432045236807e+00
8.863339186350165377e+00
8.757610772596621018e+00
8.651210157175565740e+00
8.544145403725678989e+00
8.436424672935524782e+00
8.328056221954822647e+00
8.219048401094799061e+00
8.109409651745227876e+00
7.999148509537215901e+00
7.888273595066244148e+00
7.776793620906517823e+00
7.664717381966551280e+00
7.552053758529374328e+00
7.438811715872145847e+00
7.325000296138184375e+00
7.210628625291725768e+00
7.095705903144640558e+00
6.980241406793093795e+00
6.864244488379613429e+00
6.747724571131466398e+00
6.630691148854598538e+00
6.513153785451838651e+00
6.395122110084740186e+00
6.276605818834684491e+00
6.157614669819515107e+00
6.038158482652299597e+00
5.918247137923188461e+00
5.797890573051065033e+00
5.677098779850537902e+00
5.555881808123541710e+00
5.434249755018331740e+00
5.312212772564601337e+00
5.189781057300775657e+00
5.066964853487519349e+00
4.943774450842051138e+00
4.820220180197517301e+00
4.696312412916259227e+00
4.572061560323471774e+00
4.447478068551945718e+00
4.322572420079556998e+00
4.197355128900063015e+00
4.071836739581790710e+00
3.946027826691253626e+00
3.819938990746797991e+00
3.693580855277429631e+00
3.566964070750779481e+00
3.440099303404001496e+00
3.312997243100703759e+00
3.185668592533306143e+00
3.058124070209144119e+00
2.930374409892804621e+00
2.802430352559749593e+00
2.674302649411132826e+00
2.546002059340280788e+00
2.417539344394319389e+00
2.288925271000909589e+00
2.160170605240499420e+00
2.031286111887444346e+00
1.902282553876170068e+00
1.773170687367994880e+00
1.643961263056025190e+00
1.514665021238214226e+00
1.385292691305081592e+00
1.255854990863734644e+00
1.126362621666051389e+00
9.968262671178502732e-01
8.672565958322668855e-01
7.376642507259030257e-01
6.080598571832304122e-01
4.784540117496507983e-01
3.488572863093282184e-01
2.192802252324785872e-01
8.973334137294358692e-02
-3.977288433953882207e-02
-1.692280036733876392e-01
-2.986216059032181236e-01
-4.279433159727878966e-01
-5.571827996511486969e-01
-6.863297638785208488e-01
-8.153739571045109935e-01
-9.443051735959935300e-01
-1.073113255530031562e+00
-1.201788089318865493e+00
-1.330319616266362859e+00
-1.458697824265789533e+00
-1.586912758780196331e+00
-1.714954518698604158e+00
-1.842813258550962230e+00
-1.970479192617003328e+00
-2.097942595110073416e+00
-2.225193800357132545e+00
-2.352223207708012520e+00
-2.479021279303801784e+00
-2.605578544938844221e+00
-2.731885602159981996e+00
-2.857933116363800430e+00
-2.983711824713329186e+00
-3.109212538132785753e+00
-3.234426137454057937e+00
-3.359343582000551720e+00
-3.483955905308221634e+00
-3.608254219759705173e+00
-3.732229718464362911e+00
-3.855873670971065259e+00
-3.979177433532351760e+00
-4.102132440750415832e+00
-4.224730215423408097e+00
-4.346962364557056091e+00
-4.468820580949347310e+00
-4.590296646748446285e+00
-4.711382433244949652e+00
-4.832069900668062523e+00
-4.952351102393386384e+00
-5.072218182626864191e+00
-5.191663380231498870e+00
-5.310679028729833995e+00
-5.429257555992759166e+00
-5.547391487181476677e+00
-5.665073446518777978e+00
-5.782296152866233996e+00
-5.899052428836156103e+00
-6.015335192834838196e+00
-6.131137467910099836e+00
-6.246452377579554849e+00
-6.361273147171003117e+00
-6.475593106479186289e+00
-6.589405689496571128e+00
-6.702704433866741418e+00
-6.815482984175123882e+00
-6.927735089690601811e+00
-7.039454607579346934e+00
-7.150635502249074626e+00
-7.261271844982636559e+00
-7.371357816163039089e+00
-7.480887706557292738e+00
-7.589855912795334447e+00
-7.698256945505164595e+00
-7.806085421771230770e+00
-7.913336071453285214e+00
-8.020003736330732380e+00
-8.126083366134373875e+00
-8.231570025656283818e+00
-8.336458890151032364e+00
-8.440745246365619181e+00
-8.544424494709314644e+00
-8.647492146769284460e+00
-8.749943827856560219e+00
-8.851775276001751180e+00
-8.952982341154577028e+00
-9.053560987590580922e+00
-9.153507291146729230e+00
-9.252817441740027959e+00
-9.351487742251448410e+00
-9.449514607430330670e+00
-9.546894565639274077e+00
-9.643624259140834099e+00
-9.739700439707046797e+00
-9.835119975321790164e+00
-9.929879842421597047e+00
-1.002397713263036394e+01
-1.011740904812451625e+01
-1.021017290190573767e+01
-1.030226611917506574e+01
-1.039368623599999530e+01
-1.048443089800635164e+01
-1.057449786223847177e+01
-1.066388499419998581e+01
-1.075259026963452946e+01
-1.084061177310235635e+01
-1.092794769658364018e+01
-1.101459634052421954e+01
-1.110055611376481188e+01
-1.118582552900898364e+01
-1.127040320850379551e+01
-1.135428787661563987e+01
-1.143747836538689633e+01
-1.151997361022021416e+01
-1.160177264838163325e+01
-1.168287462240438757e+01
-1.176327877579526415e+01
-1.184298445281207179e+01
-1.192199109931875256e+01
-1.200029825982730891e+01
-1.207790557851923730e+01
-1.215481279761103117e+01
-1.223101975570097011e+01
-1.230652638843275959e+01
-1.238133272678962804e+01
-1.245543889542192062e+01
-1.252884511343397023e+01
-1.260155169142689857e+01
-1.267355903198657607e+01
-1.274486762911796944e+01
-1.281547806386900490e+01
-1.288539100853130392e+01
-1.295460721986624719e+01
-1.302312754321562949e+01
-1.309095290807354495e+01
-1.315808432748138834e+01
-1.322452289802060754e+01
-1.329026979793554553e+01
-1.335532628533224120e+01
-1.341969369853033101e+01
-1.348337345309382052e+01
-1.354636704212620302e+01
-1.360867603441662865e+01
-1.367030207252354401e+01
-1.373124687261111809e+01
-1.379151222353043593e+01
-1.385109998266805853e+01
-1.391001207919896743e+01
-1.396825050782194211e+01
-1.402581733191659730e+01
-1.408271467940646282e+01
-1.413894474181104677e+01
-1.419450977384228096e+01
-1.424941209151741894e+01
-1.430365407017104751e+01
-1.435723814436450851e+01
-1.441016680513080850e+01
-1.446244259969106949e+01
-1.451406812964828319e+01
-1.456504604896354849e+01
-1.461537906359329853e+01
-1.466506992960944977e+01
-1.471412145118481796e+01
-1.476253648033261534e+01
-1.481031791425952449e+01
-1.485746869472958664e+01
-1.490399180705609083e+01
-1.494989027638746926e+01
-1.499516716939851158e+01
-1.503982559067256020e+01
-1.508386868151976934e+01
-1.512729961940947199e+01
-1.517012161545476445e+01
-1.521233791378606703e+01
-1.525395178973321819e+01
-1.529496654805432954e+01
-1.533538552222086082e+01
-1.537521207212060759e+01
-1.541444958332305148e+01
-1.545310146530666451e+01
-1.549117114973381604e+01
-1.552866208942523230e+01
-1.556557775734586713e+01
-1.560192164331692233e+01
-1.563769725534876365e+01
-1.567290811524188676e+01
-1.570755775986832248e+01
-1.574164973794335154e+01
-1.577518760909688744e+01
-1.580817494277845547e+01
-1.584061531661877353e+01
-1.587251231484016145e+01
-1.590386952737863169e+01
-1.593469054781212790e+01
-1.596497897277143529e+01
-1.599473840005329350e+01
-1.602397242726942395e+01
-1.605268465069904948e+01
-1.608087866437870872e+01
-1.610855805743432256e+01
-1.613572641436587318e+01
-1.616238731258041028e+01
-1.618854432179918845e+01
-1.621420100288601418e+01
-1.623936090522820663e+01
-1.626402756763236823e+01
-1.628820451540565273e+01
-1.631189525959444708e+01
-1.633510329627486968e+01
-1.635783210454434311e+01
-1.638008514612291222e+01
-1.640186586371901356e+01
-1.642317767981235832e+01
-1.644402399601793263e+01
-1.646440819154652146e+01
-1.648433362205233976e+01
-1.650380361907357951e+01
-1.652282148828168218e+01
-1.654139050884943529e+01
-1.655951393282181883e+01
-1.657719498268869174e+01
-1.659443685240564648e+01
-1.661124270432974726e+01
-1.662761567003274976e+01
-1.664355884837933885e+01
-1.665907530467934450e+01
-1.667416807008109814e+01
-1.668884014067951682e+01
-1.670309447630408428e+01
-1.671693400006931185e+01
-1.673036159738153117e+01
-1.674338011510920765e+01
-1.675599236102101486e+01
-1.676820110265313701e+01
-1.678000906681866766e+01
-1.679141893926716378e+01
-1.680243336290197220e+01
-1.681305493845975008e+01
-1.682328622275515784e+01
-1.683312972866281498e+01
-1.684258792453881881e+01
-1.685166323307890579e+01
-1.686035803151605705e+01
-1.686867465045338932e+01
-1.687661537374177456e+01
-1.688418243775193162e+01
-1.689137803111367475e+01
-1.689820429408502278e+01
-1.690466331820673673e+01
-1.691075714600201607e+01
-1.691648777041731222e+01
-1.692185713455796758e+01
-1.692686713146828126e+01
-1.693151960358451547e+01
-1.693581634273698455e+01
-1.693975908959633969e+01
-1.694334953376260700e+01
-1.694658931320169160e+01
-1.694948001442250174e+01
-1.695202317195965946e+01
-1.695422026857981024e+01
-1.695607273482044164e+01
-1.695758194924938778e+01
-1.695874923808408141e+01
-1.695957587527703581e+01
-1.696006308264260198e+01
-1.696021202956119467e+01
-1.696002383319479989e+01
-1.695949955859101266e+01
-1.695864021853821058e+01
-1.695744677382501564e+01
-1.695592013337583026e+01
-1.695406115426819937e+01
-1.695187064200520055e+01
-1.694934935065776571e+01
-1.694649798297785637e+01
-1.694331719093518984e+01
-1.693980757558256656e+01
-1.693596968753685772e+01
-1.693180402740633994e+01
-1.692731104577994117e+01
-1.692249114384421205e+01
-1.691734467366904227e+01
-1.691187193853663828e+01
-1.690607319346230142e+01
-1.689994864543977116e+01
-1.689349845409490314e+01
-1.688672273208539565e+01
-1.687962154545979132e+01
-1.687219491437950580e+01
-1.686444281352347119e+01
-1.685636517269702495e+01
-1.684796187727278394e+01
-1.683923276896504717e+01
-1.683017764635496150e+01
-1.682079626551064067e+01
-1.681108834055305223e+01
-1.680105354452704702e+01
-1.679069150989824166e+01
-1.678000182939198481e+01
-1.676898405651531121e+01
-1.675763770650863194e+01
-1.674596225705161245e+01
-1.673395714885499785e+01
-1.672162178666803456e+01
-1.670895554004929906e+01
-1.669595774393432208e+01
-1.668262769995152794e+01
-1.666896467674108706e+01
-1.665496791107015895e+01
-1.664063660895529750e+01
-1.662596994587330101e+01
-1.661096706861863481e+01
-1.659562709524752577e+01
-1.657994911657567982e+01
-1.656393219723326737e+01
-1.654757537614461782e+01
-1.653087766774899947e+01
-1.651383806324361103e+01
-1.649645553097082384e+01
-1.647872901811704693e+01
-1.646065745111628686e+01
-1.644223973693457452e+01
-1.642347476437462817e+01
-1.640436140463310366e+01
-1.638489851237593697e+01
-1.636508492756078326e+01
-1.634491947538372969e+01
-1.632440096833186516e+01
-1.630352820663335578e+01
-1.628229997934246853e+01
-1.626071506634438535e+01
-1.623877223809995840e+01
-1.621647025766851513e+01
-1.619380788182500197e+01
-1.617078386156986980e+01
-1.614739694402454262e+01
-1.612364587288728401e+01
-1.609952938985552962e+01
-1.607504623606202188e+01
-1.605019515262594254e+01
-1.602497488208953413e+01
-1.599938416986732825e+01
-1.597342176470349528e+01
-1.594708642056943049e+01
-1.592037689730350003e+01
-1.589329196153895118e+01
-1.586583038912824684e+01
-1.583799096450635879e+01
-1.580977248306293781e+01
-1.578117375219085439e+01
-1.575219359178934120e+01
-1.572283083621679545e+01
-1.569308433476572695e+01
-1.566295295305196689e+01
-1.563243557448638654e+01
-1.560153110070558036e+01
-1.557023845349466029e+01
-1.553855657520408151e+01
-1.550648443018645928e+01
-1.547402100621597398e+01
-1.544116531508571022e+01
-1.540791639346540975e+01
-1.537427330554949378e+01
-1.534023514171555824e+01
-1.530580102216951843e+01
-1.527097009611956580e+01
-1.523574154314898266e+01
-1.520011457582078940e+01
-1.516408843836797082e+01
-1.512766240938049833e+01
-1.509083580262634428e+01
-1.505360796732167117e+01
-1.501597829014115248e+01
-1.497794619535242511e+01
-1.493951114615293640e+01
-1.490067264606517128e+01
-1.486143023913066230e+01
-1.482178351121770632e+01
-1.478173209140119049e+01
-1.474127565195928291e+01
-1.470041391031624656e+01
-1.465914662922440215e+01
-1.461747361724874494e+01
-1.457539473172663946e+01
-1.453290987673483237e+01
-1.449001900592169179e+01
-1.444672212309446024e+01
-1.440301928216826788e+01
-1.435891058905812478e+01
-1.431439620154397474e+01
-1.426947633042641606e+01
-1.422415124067867431e+01
-1.417842125138900045e+01
-1.413228673687235393e+01
-1.408574812777760421e+01
-1.403880591082904594e+01
-1.399146063057215983e+01
-1.394371288924607200e+01
-1.389556334694996131e+01
-1.384701272458064558e+01
-1.379806180084005440e+01
-1.374871141655099116e+01
-1.369896247247790377e+01
-1.364881593025001472e+01
-1.359827281513008224e+01
-1.354733421310202246e+01
-1.349600127378155356e+01
-1.344427521038681128e+01
-1.339215729932421617e+01
-1.333964888187230535e+01
-1.328675136332764950e+01
-1.323346621403934620e+01
-1.317979497008820289e+01
-1.312573923275400212e+01
-1.307130066926110779e+01
-1.301648101351566211e+01
-1.296128206529365734e+01
-1.290570569181823579e+01
-1.284975382686523382e+01
-1.279342847061005628e+01
-1.273673169256173310e+01
-1.267966562762354066e+01
-1.262223247925965453e+01
-1.256443451888636886e+01
-1.250627408507581251e+01
-1.244775358501760998e+01
-1.238887549316453374e+01
-1.232964235198565461e+01
-1.227005677244744497e+01
-1.221012143275189921e+01
-1.214983907903815741e+01
-1.208921252580134009e+01
-1.202824465434405710e+01
-1.196693841443735273e+01
-1.190529682278573276e+01
-1.184332296251730554e+01
-1.178101998604477352e+01
-1.171839111031573566e+01
-1.165543961992947253e+01
-1.159216886622654741e+01
-1.152858226548634235e+01
-1.146468330164931615e+01
-1.140047552207886383e+01
-1.133596254010315363e+01
-1.127114803428871603e+01
-1.120603574673739722e+01
-1.114062948421897126e+01
-1.107493311653913892e+01
-1.100895057640745733e+01
-1.094268585985358122e+01
-1.087614302435176583e+01
-1.080932618881180929e+01
-1.074223953390575659e+01
-1.067488729989436003e+01
-1.060727378763678708e+01
-1.053940335696681885e+01
-1.047128042531020675e+01
-1.040290947039082248e+01
-1.033429502493845398e+01
-1.026544167915742278e+01
-1.019635407966874929e+01
-1.012703692737825989e+01
-1.005749497836796813e+01
-9.987733041818884772e+00
-9.917755979761567531e+00
-9.847568706817211748e+00
-9.777176188272248325e+00
-9.706583439776778732e+00
-9.635795527033909735e+00
-9.564817563623606134e+00
-9.493654711579038619e+00
-9.422312179439234825e+00
-9.350795220519001916e+00
-9.279109135479025383e+00
-9.207259266459363545e+00
-9.135250999615983858e+00
-9.063089763332628834e+00
-8.990781026150870048e+00
-8.918330297241382709e+00
-8.845743124028812687e+00
-8.773025091688673172e+00
-8.700181822636649187e+00
-8.627218974289114328e+00
-8.554142238519876429e+00
-8.480957341109727210e+00
-8.407670039265834561e+00
-8.334286122002259489e+00
-8.260811407906373915e+00
-8.187251743151815475e+00
-8.113613003653256328e+00
-8.039901089703533899e+00
-7.966121927896869792e+00
-7.892281468131515432e+00
-7.818385681940073439e+00
-7.744440564878810385e+00
-7.670452129842601607e+00
-7.596426409848945127e+00
-7.522369455751477751e+00
-7.448287333864672455e+00
-7.374186126437777489e+00
-7.300071928571655988e+00
-7.225950847863816584e+00
-7.151829003677383056e+00
-7.077712524271731809e+00
-7.003607546424890806e+00
-6.929520214683154045e+00
-6.855456678236821588e+00
-6.781423091707423190e+00
-6.707425612288173689e+00
-6.633470397594003920e+00
-6.559563608325483131e+00
-6.485711401294347311e+00
-6.411919932077358553e+00
-6.338195352849481878e+00
-6.264543809512679751e+00
-6.190971442438055306e+00
-6.117484383314147678e+00
-6.044088754358853066e+00
-5.970790667868974388e+00
-5.897596223307792762e+00
-5.824511506515566595e+00
-5.751542589288290763e+00
-5.678695526055219212e+00
-5.605976354627843605e+00
-5.533391093337520772e+00
-5.460945738906770153e+00
-5.388646268941174711e+00
-5.316498635289318209e+00
-5.244508765951596096e+00
-5.172682564604934363e+00
-5.101025904856977711e+00
-5.029544634612824971e+00
-4.958244569372445731e+00
-4.887131494211263139e+00
-4.816211162035217264e+00
-4.745489290803798887e+00
-4.674971563927124762e+00
-4.604663627542540105e+00
-4.534571089782585496e+00
-4.464699520045845027e+00
-4.395054446530261671e+00
-4.325641355522951592e+00
-4.256465690693488568e+00
-4.187532850466652690e+00
-4.118848188299154778e+00
-4.050417010324401268e+00
-3.982244573438487034e+00
-3.914336087379842066e+00
-3.846696708871998993e+00
-3.779331543721022868e+00
-3.712245644942500977e+00
-3.645444010490465736e+00
-3.578931583600637456e+00
-3.512713250300333101e+00
-3.446793838829341095e+00
-3.381178119066453824e+00
-3.315870800278832409e+00
-3.250876530581045198e+00
-3.186199896400212950e+00
-3.121845420069655486e+00
-3.057817560370607701e+00
-2.994120710183556078e+00
-2.930759195104259973e+00
-2.867737275373791306e+00
-2.805059140612145896e+00
-2.742728911890969457e+00
-2.680750640180343147e+00
-2.619128304115423855e+00
-2.557865811715136495e+00
-2.496966995817574642e+00
-2.436435616101057633e+00
-2.376275357643150343e+00
-2.316489829051352256e+00
-2.257082562345941845e+00
-2.198057012586305703e+00
-2.139416555835853107e+00
-2.081164489877678214e+00
-2.023304032071647107e+00
-1.965838319288881975e+00
-1.908770407709531769e+00
-1.852103270777124333e+00
-1.795839800101829198e+00
-1.739982803657563082e+00
-1.684535004711075867e+00
-1.629499043968614558e+00
-1.574877475100481927e+00
-1.520672766925710961e+00
-1.466887302402933191e+00
-1.413523377033121031e+00
-1.360583199834169754e+00
-1.308068891603126671e+00
-1.255982484978242164e+00
-1.204325924565913475e+00
-1.153101065478980169e+00
-1.102309673461671524e+00
-1.051953425064912073e+00
-1.002033906118430018e+00
-9.525526127433930901e-01
-9.035109500970924801e-01
-8.549102317573425980e-01
-8.067516817956117414e-01
-7.590364312844932737e-01
-7.117655203923352047e-01
-6.649398978756734246e-01
-6.185604198401003506e-01
-5.726278516408873642e-01
-5.271428651649691099e-01
-4.821060407651003854e-01
-4.375178668994976205e-01
-3.933787393461882220e-01
-3.496889616825664127e-01
-3.064487457274260862e-01
-2.636582105762234063e-01
-2.213173838546937111e-01
-1.794262007818534232e-01
-1.379845047434596905e-01
-9.699204787501049252e-02
-5.644849048851212359e-02
-1.635340106714646899e-02
2.329374167298394610e-02
6.249355145270648476e-02
1.012467310031171797e-01
1.395540746326379422e-01
1.774164661217956518e-01
2.148348785832554231e-01
2.518103749467371921e-01
2.883441064622157546e-01
3.244373132535595117e-01
3.600913234662049267e-01
3.953075524062721890e-01
4.300875028700967273e-01
4.644327642299710401e-01
4.983450115116146995e-01
5.318260057556264409e-01
5.648775924679657612e-01
5.975017016908521494e-01
6.297003476242097886e-01
6.614756264779363404e-01
6.928297179228882774e-01
7.237648829846633491e-01
7.542834634316707421e-01
7.843878818196646785e-01
8.140806398391313703e-01
8.433643182259826787e-01
8.722415757730149766e-01
9.007151481647047708e-01
9.287878476919014803e-01
9.564625622229530055e-01
9.837422539855883441e-01
1.010629959291727609e+00
1.037128787019575116e+00
1.063241918105598316e+00
1.088972604815671152e+00
1.114324168762841349e+00
1.139300001019974751e+00
1.163903560968886808e+00
1.188138374326702440e+00
1.212008033584543121e+00
1.235516195442728060e+00
1.258666581171442367e+00
1.281462974532544319e+00
1.303909220927217616e+00
1.326009226498695570e+00
1.347766956949842276e+00
1.369186436082456382e+00
1.390271745106610890e+00
1.411027021017317251e+00
1.431456455870184774e+00
1.451564295251360104e+00
1.471354837031512153e+00
1.490832430572915479e+00
1.510001474804796739e+00
1.528866417674811240e+00
1.547431754597297537e+00
1.565702026790021462e+00
1.583681820837731680e+00
1.601375766678196033e+00
1.618788536485937568e+00
1.635924843694408048e+00
1.652789441036159657e+00
1.669387119882605131e+00
1.685722708601576691e+00
1.701801070916042935e+00
1.717627105178359148e+00
1.733205742528398430e+00
1.748541945596358893e+00
1.763640707445486955e+00
1.778507049595999145e+00
1.793146021257092437e+00
1.807562697744413915e+00
1.821762178577112312e+00
1.835749586924364962e+00
1.849530067713188952e+00
1.863108785951816504e+00
1.876490926136137771e+00
1.889681689842050538e+00
1.902686295195117339e+00
1.915509975000640130e+00
1.928157975123418577e+00
1.940635553600906560e+00
1.952947978941971252e+00
1.965100528431569904e+00
1.977098487342046074e+00
1.988947146785059905e+00
2.000651802921471045e+00
2.012217755268051800e+00
2.023650305011417849e+00
2.034954754120041009e+00
2.046136403694440276e+00
2.057200552217508971e+00
2.068152494821486442e+00
2.078997521286325423e+00
2.089740914929901106e+00
2.100387951299683920e+00
2.110943896342683868e+00
2.121414005625850585e+00
2.131803522468702194e+00
2.142117676763719558e+00
2.152361683723742036e+00
2.162540742266139571e+00
2.172660033804010293e+00
2.182724721019354330e+00
2.192739946272042051e+00
2.202710830456096502e+00
2.212642471624950868e+00
2.222539943654170624e+00
2.232408295113271102e+00
2.242252547706212074e+00
2.252077695151143644e+00
2.261888702018826969e+00
2.271690502231128672e+00
2.281487997995552242e+00
2.291286058473012588e+00
2.301089518750607521e+00
2.310903178368436617e+00
2.320731800296213176e+00
2.330580109680074230e+00
2.340452792838861207e+00
2.350354495859083848e+00
2.360289823638732187e+00
2.370263338666404263e+00
2.380279560094877400e+00
2.390342962398957383e+00
2.400457974413750861e+00
2.410628978411532231e+00
2.420860308827101015e+00
2.431156251299118498e+00
2.441521041909120004e+00
2.451958865647562824e+00
2.462473856098849723e+00
2.473070093982300044e+00
2.483751606379136057e+00
2.494522365959455978e+00
2.505386289830394020e+00
2.516347238749085058e+00
2.527409016463719738e+00
2.538575368385635578e+00
2.549849981320241987e+00
2.561236482408155268e+00
2.572738438084978707e+00
2.584359353913169954e+00
2.596102673156485796e+00
2.607971776641350825e+00
2.619969981860798214e+00
2.632100541898780399e+00
2.644366645461013743e+00
2.656771415838313999e+00
2.669317910096199231e+00
2.682009119067989111e+00
2.694847966093130154e+00
2.707837307068155397e+00
2.720979929659415930e+00
2.734278552536023810e+00
2.747735825403901266e+00
2.761354328284744142e+00
2.775136570815461834e+00
2.789084992439482047e+00
2.803201961317210777e+00
2.817489774564270189e+00
2.831950657642880564e+00
2.846586763774082485e+00
2.861400174133938545e+00
2.876392897447585639e+00
2.891566869172814691e+00
2.906923952265899391e+00
2.922465935964875250e+00
2.938194536361939058e+00
2.954111395948084251e+00
2.970218083210175219e+00
2.986516093046929665e+00
3.003006846412901609e+00
3.019691689983662997e+00
3.036571896707802143e+00
3.053648665204479418e+00
3.070923120129147144e+00
3.088396312168307567e+00
3.106069217813443029e+00
3.123942739707093352e+00
3.142017706905043894e+00
3.160294874253904762e+00
3.178774923571815680e+00
3.197458462742867713e+00
3.216346026860221308e+00
3.235438077899950748e+00
3.254735004902083340e+00
3.274237124605828164e+00
3.293944681296820498e+00
3.313857847533217438e+00
3.333976724205455877e+00
3.354301340780131646e+00
3.374831656038274730e+00
3.395567558200460301e+00
3.416508865239012316e+00
3.437655325687520858e+00
3.459006618621986551e+00
3.480562354543252024e+00
3.502322075912487787e+00
3.524285256920441700e+00
3.546451304979233665e+00
3.568819561030883047e+00
3.591389299326442242e+00
3.614159729499133444e+00
3.637129995469574162e+00
3.660299177718170149e+00
3.683666292875730885e+00
3.707230294571593365e+00
3.730990074508873100e+00
3.754944462911983027e+00
3.779092229067465336e+00
3.803432082619001342e+00
3.827962673652030468e+00
3.852682594108152170e+00
3.877590378313716446e+00
3.902684503526169024e+00
3.927963391235773649e+00
3.953425408148589781e+00
3.979068865891469020e+00
4.004892023754814900e+00
4.030893087548255593e+00
4.057070212398541820e+00
4.083421502486096699e+00
4.109945012137464104e+00
4.136638747242363578e+00
4.163500665953861812e+00
4.190528679404124546e+00
4.217720653333400627e+00
4.245074408381774411e+00
4.272587721742161726e+00
4.300258327926071544e+00
4.328083919543878721e+00
4.356062148992679184e+00
4.384190628794254252e+00
4.412466933238155420e+00
4.440888599658364910e+00
4.469453128206724912e+00
4.498157984870392312e+00
4.527000601338984964e+00
4.555978375857072216e+00
4.585088676003537422e+00
4.614328837561918029e+00
4.643696167906363748e+00
4.673187945691812395e+00
4.702801422269617504e+00
4.732533823364631687e+00
4.762382349895788458e+00
4.792344178951718270e+00
4.822416465582334055e+00
4.852596343246616151e+00
4.882880925730911592e+00
4.913267307984604315e+00
4.943752567065930137e+00
4.974333763869430491e+00
5.005007944525972086e+00
5.035772140112007023e+00
5.066623370310488816e+00
5.097558641898073617e+00
5.128574952506882667e+00
5.159669290164216271e+00
5.190838634836932641e+00
5.222079960186777114e+00
5.253390234381774881e+00
5.284766421065567599e+00
5.316205481331262028e+00
5.347704374019041751e+00
5.379260057682301976e+00
5.410869491561943967e+00
5.442529636342420929e+00
5.474237456002778224e+00
5.505989919175680036e+00
5.537783998751550030e+00
5.569616675687781182e+00
