-8.238569347765047068e-02
-8.351646094240242069e-02
-8.464161601447899030e-02
-8.576098764748101011e-02
-8.687440776141548693e-02
-8.798171123111629688e-02
-8.908273594884323632e-02
-9.017732287071417163e-02
-9.126531600738843619e-02
-9.234656251684651707e-02
-9.342091270474173204e-02
-9.448822005548805636e-02
-9.554834128562797457e-02
-9.660113635217076888e-02
-9.764646850073746553e-02
-9.868420429064599098e-02
-9.971421360872581574e-02
-1.007363697160423288e-01
-1.017505492682469065e-01
-1.027566323269794579e-01
-1.037545024066629934e-01
-1.047440464737389443e-01
-1.057251549878203134e-01
-1.066977219237560531e-01
-1.076616447553161299e-01
-1.086168245280179773e-01
-1.095631658398542041e-01
-1.105005768599694876e-01
-1.114289693628796318e-01
-1.123482587194401805e-01
-1.132583639308687024e-01
-1.141592076302024167e-01
-1.150507160860212430e-01
-1.159328192294918625e-01
-1.168054506532647946e-01
-1.176685476115079537e-01
-1.185220510457371812e-01
-1.193659055676462161e-01
-1.202000594801060918e-01
-1.210244647858634975e-01
-1.218390771502562281e-01
-1.226438559577507081e-01
-1.234387642758400933e-01
-1.242237688449615851e-01
-1.249988401225451545e-01
-1.257639522178173874e-01
-1.265190829446919407e-01
-1.272642137800275020e-01
-1.279993298611317998e-01
-1.287244199923739674e-01
-1.294394766191765966e-01
-1.301444958306361976e-01
-1.308394773425043678e-01
-1.315244244806736962e-01
-1.321993441765385302e-01
-1.328642469475194154e-01
-1.335191468780984880e-01
-1.341640616113678741e-01
-1.347990123221342318e-01
-1.354240237027430904e-01
-1.360391239536671848e-01
-1.366443447296181168e-01
-1.372397211615823953e-01
-1.378252918000910376e-01
-1.384010986039944657e-01
-1.389671869160153950e-01
-1.395236054331036313e-01
-1.400704061820251256e-01
-1.406076444898077815e-01
-1.411353789547152848e-01
-1.416536714168067368e-01
-1.421625869262227448e-01
-1.426621937120016725e-01
-1.431525631495165207e-01
-1.436337697205419262e-01
-1.441058909894576412e-01
-1.445690075663685070e-01
-1.450232030495760827e-01
-1.454685640224131771e-01
-1.459051799853761933e-01
-1.463331433335536558e-01
-1.467525493127704861e-01
-1.471634959620880811e-01
-1.475660841124850353e-01
-1.479604173019368474e-01
-1.483466017492350297e-01
-1.487247463181261276e-01
-1.490949624555519548e-01
-1.494573641603050562e-01
-1.498120679269661637e-01
-1.501591926993343928e-01
-1.504988598337987649e-01
-1.508311930354729602e-01
-1.511563183137716315e-01
-1.514743639431311573e-01
-1.517854603944824021e-01
-1.520897402912633201e-01
-1.523873383772017254e-01
-1.526783914150385835e-01
-1.529630381943023198e-01
-1.532414194282768760e-01
-1.535136777201307479e-01
-1.537799575149997044e-01
-1.540404050271058367e-01
-1.542951681930711250e-01
-1.545443966226170418e-01
-1.547882415254434318e-01
-1.550268556625634120e-01
-1.552603932960811006e-01
-1.554890101144174586e-01
-1.557128631821932674e-01
-1.559321108890256435e-01
-1.561469128679258411e-01
-1.563574299719845961e-01
-1.565638241630469829e-01
-1.567662584994347075e-01
-1.569648970524756271e-01
-1.571599048424106304e-01
-1.573514477821824631e-01
-1.575396926255030750e-01
-1.577248068862831809e-01
-1.579069587855720935e-01
-1.580863171989570493e-01
-1.582630515716854092e-01
-1.584373318808856845e-01
-1.586093285517729268e-01
-1.587792124024260676e-01
-1.589471545918450524e-01
-1.591133265363748328e-01
-1.592778998563906534e-01
-1.594410463234144093e-01
-1.596029377731136567e-01
-1.597637460669501797e-01
-1.599236430068324832e-01
-1.600828002916114545e-01
-1.602413894344341116e-01
-1.603995817193443474e-01
-1.605575481158434958e-01
-1.607154592415995786e-01
-1.608734852712010166e-01
-1.610317959022367074e-01
-1.611905602671926951e-01
-1.613499468817529425e-01
-1.615101235934758017e-01
-1.616712574976563732e-01
-1.618335148863519757e-01
-1.619970611977685215e-01
-1.621620609324293250e-01
-1.623286776045328172e-01
-1.624970736861001408e-01
-1.626674105391338609e-01
-1.628398483491230175e-01
-1.630145460833569149e-01
-1.631916614081122818e-01
-1.633713506561964568e-01
-1.635537687427663367e-01
-1.637390691193050252e-01
-1.639274037242700877e-01
-1.641189229059260013e-01
-1.643137753762592690e-01
-1.645121081634670357e-01
-1.647140665361662148e-01
-1.649197939586996009e-01
-1.651294320452189601e-01
-1.653431204827584267e-01
-1.655609970003227016e-01
-1.657831973087512123e-01
-1.660098550257504413e-01
-1.662411016629075367e-01
-1.664770665545066142e-01
-1.667178767838704834e-01
-1.669636571928490021e-01
-1.672145302591629412e-01
-1.674706161077487987e-01
-1.677320324360698778e-01
-1.679988944599314638e-01
-1.682713148904615430e-01
-1.685494038649254234e-01
-1.688332689112631013e-01
-1.691230149143523043e-01
-1.694187440517090915e-01
-1.697205557616365268e-01
-1.700285467106471549e-01
-1.703428107320453244e-01
-1.706634387970343836e-01
-1.709905189828849759e-01
-1.713241364101960873e-01
-1.716643732475275352e-01
-1.720113086125598933e-01
-1.723650185968712834e-01
-1.727255762006416617e-01
-1.730930512958676892e-01
-1.734675106020998891e-01
-1.738490176595970105e-01
-1.742376327828072113e-01
-1.746334130378939808e-01
-1.750364122203263151e-01
-1.754466808116971754e-01
-1.758642659597021152e-01
-1.762892114581605940e-01
-1.767215577055554210e-01
-1.771613416982543154e-01
-1.776085969878987980e-01
-1.780633536837190889e-01
-1.785256383967862293e-01
-1.789954742582304803e-01
-1.794728808696601230e-01
-1.799578742898098882e-01
-1.804504670409017020e-01
-1.809506680516001775e-01
-1.814584826843224918e-01
-1.819739126860669964e-01
-1.824969561977638488e-01
-1.830276077291889680e-01
-1.835658581526895816e-01
-1.841116946968513191e-01
-1.846651009282113398e-01
-1.852260567535698177e-01
-1.857945384044243919e-01
-1.863705184351213406e-01
-1.869539657209165207e-01
-1.875448454445034219e-01
-1.881431191152655724e-01
-1.887487445294120381e-01
-1.893616758214560492e-01
-1.899818634011283813e-01
-1.906092540271389080e-01
-1.912437907501601531e-01
-1.918854129472029602e-01
-1.925340563195212240e-01
-1.931896528920964973e-01
-1.938521310381141061e-01
-1.945214154705199872e-01
-1.951974272520181353e-01
-1.958800838214274642e-01
-1.965692989888247755e-01
-1.972649829481342432e-01
-1.979670423088274733e-01
-1.986753800833491179e-01
-1.993898957262151828e-01
-2.001104851513619831e-01
-2.008370407093593712e-01
-2.015694512731278087e-01
-2.023076022030410870e-01
-2.030513753842122515e-01
-2.038006492671904091e-01
-2.045552988476259659e-01
-2.053151957450431164e-01
-2.060802081898286675e-01
-2.068502010509564448e-01
-2.076250358829280773e-01
-2.084045709384029499e-01
-2.091886611938852114e-01
-2.099771583989435420e-01
-2.107699110816916854e-01
-2.115667646005252867e-01
-2.123675611725516499e-01
-2.131721398939490364e-01
-2.139803367889336894e-01
-2.147919848569209977e-01
-2.156069140597517142e-01
-2.164249514288061893e-01
-2.172459210322925660e-01
-2.180696440761529797e-01
-2.188959389059010052e-01
-2.197246210511768216e-01
-2.205555032817738959e-01
-2.213883956435320766e-01
-2.222231054904854342e-01
-2.230594375492219450e-01
-2.238971939430668134e-01
-2.247361742543334262e-01
-2.255761755638788224e-01
-2.264169924903328690e-01
-2.272584172556879334e-01
-2.281002397131901005e-01
-2.289422474120632323e-01
-2.297842256539104067e-01
-2.306259575036396781e-01
-2.314672238969096574e-01
-2.323078036531164292e-01
-2.331474735327748182e-01
-2.339860083088549925e-01
-2.348231807964168971e-01
-2.356587619284177815e-01
-2.364925208017064906e-01
-2.373242247226753088e-01
-2.381536392827291182e-01
-2.389805284054653534e-01
-2.398046543935093422e-01
-2.406257780098881860e-01
-2.414436585088554632e-01
-2.422580537164416847e-01
-2.430687200903098311e-01
-2.438754127463679255e-01
-2.446778855601424441e-01
-2.454758912158334638e-01
-2.462691812354211585e-01
-2.470575060952416580e-01
-2.478406152304819809e-01
-2.486182571430294863e-01
-2.493901794407909489e-01
-2.501561288930678750e-01
-2.509158515156830749e-01
-2.516690926224228186e-01
-2.524155968761520596e-01
-2.531551083790130607e-01
-2.538873707103862509e-01
-2.546121270061785236e-01
-2.553291200223313795e-01
-2.560380921871650006e-01
-2.567387856765144249e-01
-2.574309424845550032e-01
-2.581143044632166483e-01
-2.587886134182778575e-01
-2.594536111459736505e-01
-2.601090395196567484e-01
-2.607546405465956396e-01
-2.613901564256543852e-01
-2.620153296237818785e-01
-2.626299029309735467e-01
-2.632336195378701671e-01
-2.638262230871249447e-01
-2.644074577421261507e-01
-2.649770682609826067e-01
-2.655348000475446502e-01
-2.660803992228402692e-01
-2.666136126897996617e-01
-2.671341881930409112e-01
-2.676418743930455979e-01
-2.681364209165505996e-01
-2.686175784262302413e-01
-2.690850986915945264e-01
-2.695387346374339965e-01
-2.699782404162270333e-01
-2.704033714754348616e-01
-2.708138846007070999e-01
-2.712095380036075865e-01
-2.715900913621405732e-01
-2.719553058916250876e-01
-2.723049444103048944e-01
-2.726387713865066065e-01
-2.729565530089587688e-01
-2.732580572514071160e-01
-2.735430539105304648e-01
-2.738113146922966368e-01
-2.740626132576880480e-01
-2.742967252683282675e-01
-2.745134284706787775e-01
-2.747125027336258518e-01
-2.748937301081131879e-01
-2.750568948906731981e-01
-2.752017836700914599e-01
-2.753281853876148322e-01
-2.754358913966105105e-01
-2.755246954965913653e-01
-2.755943940119536251e-01
-2.756447858325505318e-01
-2.756756724542679393e-01
-2.756868580574279859e-01
-2.756781495268655346e-01
-2.756493565286747827e-01
-2.756002915480406656e-01
-2.755307699271220545e-01
-2.754406099355418136e-01
-2.753296328042464935e-01
-2.751976627689478594e-01
-2.750445271219585930e-01
-2.748700562629897148e-01
-2.746740837268939472e-01
-2.744564462454774367e-01
-2.742169837818990152e-01
-2.739555395600942189e-01
-2.736719601447965555e-01
-2.733660954224882977e-01
-2.730377986969392823e-01
-2.726869267026241217e-01
-2.723133396343354051e-01
-2.719169012077628511e-01
-2.714974786710034893e-01
-2.710549428593806986e-01
-2.705891682244713214e-01
-2.701000328532196515e-01
-2.695874185222126296e-01
-2.690512107223317906e-01
-2.684912986786298084e-01
-2.679075753804820992e-01
-2.672999376531609572e-01
-2.666682861002508953e-01
-2.660125252370593163e-01
-2.653325634113660181e-01
-2.646283129073415119e-01
-2.638996899409603025e-01
-2.631466146687479468e-01
-2.623690112347123460e-01
-2.615668077870410002e-01
-2.607399364758339888e-01
-2.598883335075927170e-01
-2.590119391402669891e-01
-2.581106976957588395e-01
-2.571845576037214975e-01
-2.562334713996157753e-01
-2.552573957061239351e-01
-2.542562913418005555e-01
-2.532301232017599157e-01
-2.521788604072686124e-01
-2.511024761987075138e-01
-2.500009480082244218e-01
-2.488742574673467878e-01
-2.477223903838206287e-01
-2.465453367933104212e-01
-2.453430909001981242e-01
-2.441156511446011257e-01
-2.428630201738399275e-01
-2.415852048552193931e-01
-2.402822162600501132e-01
-2.389540696983807611e-01
-2.376007846835418713e-01
-2.362223849494976269e-01
-2.348188984425072234e-01
-2.333903573182479485e-01
-2.319367979397331525e-01
-2.304582608750791461e-01
-2.289547908555593370e-01
-2.274264368529951563e-01
-2.258732519524459803e-01
-2.242952934714796953e-01
-2.226926228282143649e-01
-2.210653056165796659e-01
-2.194134115608399049e-01
-2.177370145008913904e-01
-2.160361923819976437e-01
-2.143110272454654130e-01
-2.125616051995318778e-01
-2.107880164175990612e-01
-2.089903551063074794e-01
-2.071687194921741360e-01
-2.053232118092364333e-01
-2.034539382726932299e-01
-2.015610090214243755e-01
-1.996445381972081767e-01
-1.977046437746737828e-01
-1.957414476961561733e-01
-1.937550756974201205e-01
-1.917456573848173862e-01
-1.897133261752365629e-01
-1.876582192577622155e-01
-1.855804775742296575e-01
-1.834802458009211767e-01
-1.813576722906833638e-01
-1.792129090842940475e-01
-1.770461118261866806e-01
-1.748574397690774163e-01
-1.726470557401081074e-01
-1.704151260780042143e-01
-1.681618206442178354e-01
-1.658873127419270010e-01
-1.635917790674273620e-01
-1.612753997814475870e-01
-1.589383583371431485e-01
-1.565808414760740674e-01
-1.542030392999728383e-01
-1.518051450288488702e-01
-1.493873551874468075e-01
-1.469498693600043149e-01
-1.444928902707551810e-01
-1.420166237315127200e-01
-1.395212785452066284e-01
-1.370070664998389864e-01
-1.344742023417236088e-01
-1.319229036695637736e-01
-1.293533909647600622e-01
-1.267658874834242944e-01
-1.241606192281851095e-01
-1.215378149376746125e-01
-1.188977059940720393e-01
-1.162405263435772884e-01
-1.135665125978628509e-01
-1.108759037594326397e-01
-1.081689414155604517e-01
-1.054458694702054417e-01
-1.027069342272588642e-01
-9.995238432490652358e-02
-9.718247063751969672e-02
-9.439744624609223977e-02
-9.159756642250768688e-02
-8.878308851029034776e-02
-8.595427194033410101e-02
-8.311137812443912531e-02
-8.025467041879298657e-02
-7.738441410766472295e-02
-7.450087630108695458e-02
-7.160432585289885909e-02
-6.869503345733569966e-02
-6.577327136808247543e-02
-6.283931358444744264e-02
-5.989343557900125153e-02
-5.693591437287056495e-02
-5.396702850759587528e-02
-5.098705782318969232e-02
-4.799628363171101753e-02
-4.499498844153679289e-02
-4.198345604427247690e-02
-3.896197143456323064e-02
-3.593082070979418396e-02
-3.289029104167680295e-02
-2.984067064936678920e-02
-2.678224867724718350e-02
-2.371531521564942610e-02
-2.064016117786291946e-02
-1.755707827298532558e-02
-1.446635898030230842e-02
-1.136829644482789496e-02
-8.263184398583400467e-03
-5.151317251311586000e-03
-2.032989806592322250e-03
1.091502543753378749e-03
4.221864104342058083e-03
7.357798784940220056e-03
1.049901017608788172e-02
1.364520165634409456e-02
1.679607641558547235e-02
1.995133747680354064e-02
2.311068782521917206e-02
2.627383037721103473e-02
2.944046810699164213e-02
3.261030407017521948e-02
3.578304142406169008e-02
3.895838353278418403e-02
4.213603404223458665e-02
4.531569678387521033e-02
4.849707605836561797e-02
5.167987643707736695e-02
5.486380303870343894e-02
5.804856145052179894e-02
6.123385774509965823e-02
6.441939868301781169e-02
6.760489163466819329e-02
7.079004464505406213e-02
7.397456654567896583e-02
7.715816692286077416e-02
8.034055623408872804e-02
8.352144583010749634e-02
8.670054796657919449e-02
8.987757592338163626e-02
9.305224397059562447e-02
9.622426748724309531e-02
9.939336296986787944e-02
1.025592480521669014e-01
1.057216416014704619e-01
1.088802637727626643e-01
1.120348359232632152e-01
1.151850808690300931e-01
1.183307226844810822e-01
1.214714869713980766e-01
1.246071007517444429e-01
1.277372925331500542e-01
1.308617923998163235e-01
1.339803320136254139e-01
1.370926446303702972e-01
1.401984652084490302e-01
1.432975303537962208e-01
1.463895784431148983e-01
1.494743496219672618e-01
1.525515858017939819e-01
1.556210307640954471e-01
1.586824301896866130e-01
1.617355315782376124e-01
1.647800844799724718e-01
1.678158402975137020e-01
1.708425525332460393e-01
1.738599766874642516e-01
1.768678702922984458e-01
1.798659930093335912e-01
1.828541066195351616e-01
1.858319750122945369e-01
1.887993643024977186e-01
1.917560427537860490e-01
1.947017808942338724e-01
1.976363515025215956e-01
2.005595295933271516e-01
2.034710925102235224e-01
2.063708199484710903e-01
2.092584938604973022e-01
2.121338986449338715e-01
2.149968210250756961e-01
2.178470501589784003e-01
2.206843776569706872e-01
2.235085974793362684e-01
2.263195061521253437e-01
2.291169025771331025e-01
2.319005882194838664e-01
2.346703670319521540e-01
2.374260454534586340e-01
2.401674324949802375e-01
2.428943397139777249e-01
2.456065811883885175e-01
2.483039736141754439e-01
2.509863362290782329e-01
2.536534908817177358e-01
2.563052620292449180e-01
2.589414767082917623e-01
2.615619645846021246e-01
2.641665579812604303e-01
2.667550917773581776e-01
2.693274035655219834e-01
2.718833335023307374e-01
2.744227244466560522e-01
2.769454218882576590e-01
2.794512739446048943e-01
2.819401314021188210e-01
2.844118477086205465e-01
2.868662789373415678e-01
2.893032838400827478e-01
2.917227237937301543e-01
2.941244628516654913e-01
2.965083677044484944e-01
2.988743076737197524e-01
3.012221547294956503e-01
3.035517835088684113e-01
3.058630712173067145e-01
3.081558977519092135e-01
3.104301455684977395e-01
3.126856997762468837e-01
3.149224480931763770e-01
3.171402807841423588e-01
3.193390907607461804e-01
3.215187734824678789e-01
3.236792269706910696e-01
3.258203518226330808e-01
3.279420511593862386e-01
3.300442306599624676e-01
3.321267985143204760e-01
3.341896654076992879e-01
3.362327445512442448e-01
3.382559515957311858e-01
3.402592046912475410e-01
3.422424244384250080e-01
3.442055338403238740e-01
3.461484583510734958e-01
3.480711258284404641e-01
3.499734664764680980e-01
3.518554129257218666e-01
3.537169000867466107e-01
3.555578652578575416e-01
3.573782480334029010e-01
3.591779902719512974e-01
3.609570361345449951e-01
3.627153320329430941e-01
3.644528265788172794e-01
3.661694706329788329e-01
3.678652172035761780e-01
3.695400214938431294e-01
3.711938408495097930e-01
3.728266347073016518e-01
3.744383646271754462e-01
3.760289942536375607e-01
3.775984892327783893e-01
3.791468172962290661e-01
3.806739481177504603e-01
3.821798533942820097e-01
3.836645067658029928e-01
3.851278837643397623e-01
3.865699618647260860e-01
3.879907204065974335e-01
3.893901405549629602e-01
3.907682053293888846e-01
3.921248995241580215e-01
3.934602097101719820e-01
3.947741242137313700e-01
3.960666330492648157e-01
3.973377279451056343e-01
3.985874022909104419e-01
3.998156510866515689e-01
4.010224709678369970e-01
4.022078601296762979e-01
4.033718183224333509e-01
4.045143468349941540e-01
4.056354484268414606e-01
4.067351273466719985e-01
4.078133892645348091e-01
4.088702412736803793e-01
4.099056918531190363e-01
4.109197508257860232e-01
4.119124293455594388e-01
4.128837398731776687e-01
4.138336961280677517e-01
4.147623130794425017e-01
4.156696069038414154e-01
4.165555949753739773e-01
4.174202958182147705e-01
4.182637290869783975e-01
4.190859155383193091e-01
4.198868770144651985e-01
4.206666363895243399e-01
4.214252175688775748e-01
4.221626454396087413e-01
4.228789458679907409e-01
4.235741456483042011e-01
4.242482724852728038e-01
4.249013549767668985e-01
4.255334225713215401e-01
4.261445055480226340e-01
4.267346350017943157e-01
4.273038427901155734e-01
4.278521615406344347e-01
4.283796246002483654e-01
4.288862660185076003e-01
4.293721205297374999e-01
4.298372235151059484e-01
4.302816109846462345e-01
4.307053195609590879e-01
4.311083864338716709e-01
4.314908493621115171e-01
4.318527466372914514e-01
4.321941170526572562e-01
4.325149999008519042e-01
4.328154349339102258e-01
4.330954623488035837e-01
4.333551227704169895e-01
4.335944572147714116e-01
4.338135070870727250e-01
4.340123141519680594e-01
4.341909205062978172e-01
4.343493685769729273e-01
4.344877010821506791e-01
4.346059610288546260e-01
4.347041916869756606e-01
4.347824365658228274e-01
4.348407394089954803e-01
4.348791441670055713e-01
4.348976949844333140e-01
4.348964361830489067e-01
4.348754122467064498e-01
4.348346678034347157e-01
4.347742476150420199e-01
4.346941965558483445e-01
4.345945596055600935e-01
4.344753818321076544e-01
4.343367083771081383e-01
4.341785844468041833e-01
4.340010552993038839e-01
4.338041662288158462e-01
4.335879625600496667e-01
4.333524896342518251e-01
4.330977928014109746e-01
4.328239174035605763e-01
4.325309087797402086e-01
4.322188122419260425e-01
4.318876730784923512e-01
4.315375365394890639e-01
4.311684478270983445e-01
4.307804521072700066e-01
4.303735944761568621e-01
4.299479199749526859e-01
4.295034735812608417e-01
4.290403001961008433e-01
4.285584446521423230e-01
4.280579516993518463e-01
4.275388660064666224e-01
4.270012321639886088e-01
4.264450946723999936e-01
4.258704979449504657e-01
4.252774863132802730e-01
4.246661040141400667e-01
4.240363952043635920e-01
4.233884039494471008e-01
4.227221742228730039e-01
4.220377499329556747e-01
4.213351748838056188e-01
4.206144928246901560e-01
4.198757474083958385e-01
4.191189822256852771e-01
4.183442408044988903e-01
4.175515666022653338e-01
4.167410030214395711e-01
4.159125934198240615e-01
4.150663810984519531e-01
4.142024093350210046e-01
4.133207213637457578e-01
4.124213603993591715e-01
4.115043696487314939e-01
4.105697923050866671e-01
4.096176715585810868e-01
4.086480506354528419e-01
4.076609727519632798e-01
4.066564811921601352e-01
4.056346192630273517e-01
4.045954303194801982e-01
4.035389578167022373e-01
4.024652452571567673e-01
4.013743362453354169e-01
4.002662745054583193e-01
3.991411038588379423e-01
3.979988682824829316e-01
3.968396118838205533e-01
3.956633789319927152e-01
3.944702138914404355e-01
3.932601614012740110e-01
3.920332663086411595e-01
3.907895737043340922e-01
3.895291288947561048e-01
3.882519774701964632e-01
3.869581652794116255e-01
3.856477384518800511e-01
3.843207434682713863e-01
3.829772270970738246e-01
3.816172364649488835e-01
3.802408190827725742e-01
3.788480228172912967e-01
3.774388959682580813e-01
3.760134872368211534e-01
3.745718457668396617e-01
3.731140211881846525e-01
3.716400635856590973e-01
3.701500235695174279e-01
3.686439522650004075e-01
3.671219013352557403e-01
3.655839230266048623e-01
3.640300701664939131e-01
3.624603961677251296e-01
3.608749551244536669e-01
3.592738017248274796e-01
3.576569913816788904e-01
3.560245801695809953e-01
3.543766248830799714e-01
3.527131830857329065e-01
3.510343130718299731e-01
3.493400739259958088e-01
3.476305255552083473e-01
3.459057286787049490e-01
3.441657448821933696e-01
3.424106366177300798e-01
3.406404672257108968e-01
3.388553009859163745e-01
3.370552031091594847e-01
3.352402397621083163e-01
3.334104781190295741e-01
3.315659863456470458e-01
3.297068336585824988e-01
3.278330903124149764e-01
3.259448276316921356e-01
3.240421180773888077e-01
3.221250351949629387e-01
3.201936536801884836e-01
3.182480494120011882e-01
3.162882994371766232e-01
3.143144820314456855e-01
3.123266766792318072e-01
3.103249641264011482e-01
3.083094264050800226e-01
3.062801468193196430e-01
3.042372099978986055e-01
3.021807019187160992e-01
3.001107098853534882e-01
2.980273226185231605e-01
2.959306302037491565e-01
2.938207241375747625e-01
2.916976973978155918e-01
2.895616443489590908e-01
2.874126609078641592e-01
2.852508444174914337e-01
2.830762937498454979e-01
2.808891093353182988e-01
2.786893931163118010e-01
2.764772485986697337e-01
2.742527809036915398e-01
2.720160967034126465e-01
2.697673043300603535e-01
2.675065137101456103e-01
2.652338364148371652e-01
2.629493857107675914e-01
2.606532765087889447e-01
2.583456253879758413e-01
2.560265506966988847e-01
2.536961724309903521e-01
2.513546123691210998e-01
2.490019940000357812e-01
2.466384425448577833e-01
2.442640850634335281e-01
2.418790503180060225e-01
2.394834688787209620e-01
2.370774731439555527e-01
2.346611972693108950e-01
2.322347772749854544e-01
2.297983509681114367e-01
2.273520579875797643e-01
2.248960398488256407e-01
2.224304398762829427e-01
2.199554032468297726e-01
2.174710770331068910e-01
2.149776101246728410e-01
2.124751533158270311e-01
2.099638592615374610e-01
2.074438824553520300e-01
2.049153793516474142e-01
2.023785082064414320e-01
1.998334291817321640e-01
1.972803043548475854e-01
1.947192976396731889e-01
1.921505748711000994e-01
1.895743037484444449e-01
1.869906538423296849e-01
1.843997966307966418e-01
1.818019054400974166e-01
1.791971554974813030e-01
1.765857238706379506e-01
1.739677895007338271e-01
1.713435332034442815e-01
1.687131376374846614e-01
1.660767872720835536e-01
1.634346684888220158e-01
1.607869694186996323e-01
1.581338800888406337e-01
1.554755922903033605e-01
1.528122996051891336e-01
1.501441974728806028e-01
1.474714830371466334e-01
1.447943552446119275e-01
1.421130148070130494e-01
1.394276641501354108e-01
1.367385074564453351e-01
1.340457505912684144e-01
1.313496011245903483e-01
1.286502683267704006e-01
1.259479631019892187e-01
1.232428980078028868e-01
1.205352872492645999e-01
1.178253466003072319e-01
1.151132934695713456e-01
1.123993468003215285e-01
1.096837270642454509e-01
1.069666563283065835e-01
1.042483580825402101e-01
1.015290573317413347e-01
9.880898054981690493e-02
9.608835560225803540e-02
9.336741180567473264e-02
9.064637981938362954e-02
8.792549165545179846e-02
8.520498068736920283e-02
8.248508155006738229e-02
7.976603014765676347e-02
7.704806365973503046e-02
7.433142042847347419e-02
7.161634002291164536e-02
6.890306313266129912e-02
6.619183153446624168e-02
6.348288817679612062e-02
6.077647695327391408e-02
5.807284287430047182e-02
5.537223187699255589e-02
5.267489082503867825e-02
4.998106758292120144e-02
4.729101080577949312e-02
4.460497002061735577e-02
4.192319558465560508e-02
3.924593857877012315e-02
3.657345084989249012e-02
3.390598491156585764e-02
3.124379392125642071e-02
2.858713168133504914e-02
2.593625253184208765e-02
2.329141134258506940e-02
2.065286350348695746e-02
1.802086480967575108e-02
1.539567149704466550e-02
1.277754014713549519e-02
1.016672762455644169e-02
7.563491149737299260e-03
4.968088095559812511e-03
2.380776046873939004e-03
-1.981872472319058784e-04
-2.768543981489018577e-03
-5.330036265629071492e-03
-7.882406229680758575e-03
-1.042539604994063146e-02
-1.295874796671850869e-02
-1.548220438144955365e-02
-1.799550788331395410e-02
-2.049840126880410340e-02
-2.299062764790105184e-02
-2.547193042956721193e-02
-2.794205341671774506e-02
-3.040074087333200295e-02
-3.284773746144682011e-02
-3.528278844822013011e-02
-3.770563964843615112e-02
-4.011603748733370833e-02
-4.251372910716301468e-02
-4.489846231647297986e-02
-4.726998577345243452e-02
-4.962804893455190214e-02
-5.197240212232828727e-02
-5.430279662329073886e-02
-5.661898467620597036e-02
-5.892071957925198999e-02
-6.120775571725466796e-02
-6.347984859124058965e-02
-6.573675491568299611e-02
-6.797823264769144169e-02
-7.020404101636505689e-02
-7.241394062676369259e-02
-7.460769345374591854e-02
-7.678506293650715075e-02
-7.894581404622726117e-02
-8.108971323596921021e-02
-8.321652863733988714e-02
-8.532603001179510371e-02
-8.741798881632935336e-02
-8.949217829710372218e-02
-9.154837348828150090e-02
-9.358635130767231636e-02
-9.560589058903470883e-02
-9.760677211632155792e-02
-9.958877870987235814e-02
-1.015516952592837030e-01
-1.034953087582084347e-01
-1.054194083930749815e-01
-1.073237855504208249e-01
-1.092082338970692124e-01
-1.110725494488208204e-01
-1.129165305286732868e-01
-1.147399779436699407e-01
-1.165426949417171648e-01
-1.183244872822278582e-01
-1.200851633089675269e-01
-1.218245339628525187e-01
-1.235424128600037391e-01
-1.252386163256965224e-01
-1.269129634301508214e-01
-1.285652760586384058e-01
-1.301953789453596522e-01
-1.318030997091345635e-01
-1.333882689232432639e-01
-1.349507201329422923e-01
-1.364902899169033734e-01
-1.380068179525226757e-01
-1.395001469875300770e-01
-1.409701229685052515e-01
-1.424165950200927677e-01
-1.438394155241935757e-01
-1.452384401671734937e-01
-1.466135279065939878e-01
-1.479645411278159850e-01
-1.492913455901697106e-01
-1.505938105007259831e-01
-1.518718085598825540e-01
-1.531252159743577423e-01
-1.543539125272608559e-01
-1.555577815902375038e-01
-1.567367101554964226e-01
-1.578905888985868422e-01
-1.590193121887088779e-01
-1.601227781198242828e-01
-1.612008885729341312e-01
-1.622535492096731091e-01
-1.632806695267901842e-01
-1.642821629109974813e-01
-1.652579465871081288e-01
-1.662079417558073036e-01
-1.671320735395559476e-01
-1.680302710364637020e-01
-1.689024673668326482e-01
-1.697485996650436313e-01
-1.705686091285058548e-01
-1.713624410430524825e-01
-1.721300447851348836e-01
-1.728713738643316566e-01
-1.735863859472880910e-01
-1.742750428548866248e-01
-1.749373106162024349e-01
-1.755731594555449693e-01
-1.761825638257687732e-01
-1.767655024503324845e-01
-1.773219582739650191e-01
-1.778519185517941914e-01
-1.783553748278290663e-01
-1.788323229298483807e-01
-1.792827630356705337e-01
-1.797066996302343622e-01
-1.801041415575535265e-01
-1.804751020112604909e-01
-1.808195985400471717e-01
-1.811376530642044846e-01
-1.814292918891894646e-01
-1.816945456953997784e-01
-1.819334495513624250e-01
-1.821460429279245508e-01
-1.823323696825660534e-01
-1.824924780706231320e-01
-1.826264207574586351e-01
-1.827342547940944972e-01
-1.828160416451293790e-01
-1.828718471588079986e-01
-1.829017415878444464e-01
-1.829057995696750372e-01
-1.828841001334922112e-01
-1.828367266780844547e-01
-1.827637669909747409e-01
-1.826653132076758168e-01
-1.825414618380294673e-01
-1.823923137250592075e-01
-1.822179740471253639e-01
-1.820185523207805689e-01
-1.817941623590924316e-01
-1.815449222716112587e-01
-1.812709544649827864e-01
-1.809723855946614446e-01
-1.806493465721043801e-01
-1.803019725428924580e-01
-1.799304028557939250e-01
-1.795347810618115048e-01
-1.791152548751478168e-01
-1.786719761530154160e-01
-1.782051008965766792e-01
-1.777147891894208798e-01
-1.772012051975626334e-01
-1.766645171453152530e-01
-1.761048972658946221e-01
-1.755225217966076279e-01
-1.749175709428514858e-01
-1.742902288320076765e-01
-1.736406835189745756e-01
-1.729691269095180728e-01
-1.722757547617855822e-01
-1.715607666411909371e-01
-1.708243658741587512e-01
-1.700667595328593518e-01
-1.692881583853789174e-01
-1.684887768647965467e-01
-1.676688330172007024e-01
-1.668285484811217467e-01
-1.659681484377907579e-01
-1.650878615709365782e-01
-1.641879200152765172e-01
-1.632685593338139285e-01
-1.623300184572447902e-01
-1.613725396505258924e-01
-1.603963684497996256e-01
-1.594017536374115751e-01
-1.583889471876903099e-01
-1.573582042040258533e-01
-1.563097828918522669e-01
-1.552439445027444520e-01
-1.541609532635440927e-01
-1.530610763695474941e-01
-1.519445838808861082e-01
-1.508117487013270752e-01
-1.496628465319735646e-01
-1.484981557794070317e-01
-1.473179575393872842e-01
-1.461225355297033068e-01
-1.449121760099214562e-01
-1.436871677804441583e-01
-1.424478020553130997e-01
-1.411943724452272286e-01
-1.399271749135821141e-01
-1.386465076683380815e-01
-1.373526711402175693e-01
-1.360459679166645397e-01
-1.347267026540850121e-01
-1.333951820651480824e-01
-1.320517148034340837e-01
-1.306966114244257349e-01
-1.293301843461321654e-01
-1.279527477396180668e-01
-1.265646174757545650e-01
-1.251661111127164439e-01
-1.237575477354109360e-01
-1.223392479962098350e-01
-1.209115339521460164e-01
-1.194747290522700789e-01
-1.180291580809606777e-01
-1.165751470371977072e-01
-1.151130231307772034e-01
-1.136431146582304597e-01
-1.121657509584051970e-01
-1.106812623675065416e-01
-1.091899801023311078e-01
-1.076922362148782231e-01
-1.061883635463847092e-01
-1.046786956045001049e-01
-1.031635665450595790e-01
-1.016433110726344818e-01
-1.001182643541279477e-01
-9.858876202061434002e-02
-9.705513999907672273e-02
-9.551773450330357240e-02
-9.397688196834259877e-02
-9.243291893111058033e-02
-9.088618201063600188e-02
-8.933700780295703026e-02
-8.778573281512175308e-02
-8.623269341675868227e-02
-8.467822574021165172e-02
-8.312266561519374153e-02
-8.156634851999512714e-02
-8.000960947583217464e-02
-7.845278300871588728e-02
-7.689620305644460918e-02
-7.534020288289451639e-02
-7.378511506899626538e-02
-7.223127137686916055e-02
-7.067900268654055129e-02
-6.912863898781365646e-02
-6.758050921374172959e-02
-6.603494127240651379e-02
-6.449226188075718458e-02
-6.295279656099865562e-02
-6.141686955795929576e-02
-5.988480375141615880e-02
-5.835692059541961602e-02
-5.683354006965912059e-02
-5.531498057686510400e-02
-5.380155891151623682e-02
-5.229359015858292548e-02
-5.079138764526702071e-02
-4.929526288445210819e-02
-4.780552547503079397e-02
-4.632248308003210358e-02
-4.484644132405144618e-02
-4.337770372824735488e-02
-4.191657170437352448e-02
-4.046334440141702987e-02
-3.901831870767814847e-02
-3.758178917729380203e-02
-3.615404793988049453e-02
-3.473538467943236563e-02
-3.332608653646064456e-02
-3.192643806399077244e-02
-3.053672118261777438e-02
-2.915721509084313184e-02
-2.778819622322582436e-02
-2.642993820454992565e-02
-2.508271176144810308e-02
-2.374678470258001842e-02
-2.242242183509079653e-02
-2.110988490183144176e-02
-1.980943258822136233e-02
-1.852132038111253820e-02
-1.724580057361407154e-02
-1.598312222472569530e-02
-1.473353103647537070e-02
-1.349726940072717984e-02
-1.227457625709011020e-02
-1.106568710425240472e-02
-9.870833940522938041e-03
-8.690245200096915687e-03
-7.524145718068597083e-03
-6.372756694477867828e-03
-5.236295627771831232e-03
-4.114976296393508919e-03
-3.009008695019693789e-03
-1.918599002589236767e-03
-8.439495493677704385e-04
2.147412346459179940e-04
1.257278870528332707e-03
2.283472815821717839e-03
3.293136580553668400e-03
4.286087673946182772e-03
5.262147725825525556e-03
6.221142458410491675e-03
7.162901739327176033e-03
8.087259621811847959e-03
8.994054355516558491e-03
9.883128439544993857e-03
1.075432863485930278e-02
1.160750598771709795e-02
1.244251587567712057e-02
1.325921801666482026e-02
1.405747649019530900e-02
1.483715978139897931e-02
1.559814077420892259e-02
1.634029679638650950e-02
1.706350963975755003e-02
1.776766553751608566e-02
1.845265524984397373e-02
1.911837402404275438e-02
1.976472162770271518e-02
2.039160238047613496e-02
2.099892512546382498e-02
2.158660329229241184e-02
2.215455487403866774e-02
2.270270243670942725e-02
2.323097314817204259e-02
2.373929876712494585e-02
2.422761565176189888e-02
2.469586477924171769e-02
2.514399172814113514e-02
2.557194669461613709e-02
2.597968449718584399e-02
2.636716456188422861e-02
2.673435092976955349e-02
2.708121227382741247e-02
2.740772184870274644e-02
2.771385754036242988e-02
2.799960181830731670e-02
2.826494175765239397e-02
2.850986901837856621e-02
2.873437983309751545e-02
2.893847500265301839e-02
2.912215989181464113e-02
2.928544440217742406e-02
2.942834296584509457e-02
2.955087453975944328e-02
2.965306257317539343e-02
2.973493499884804700e-02
2.979652422495483732e-02
2.983786709399492351e-02
2.985900488844005912e-02
2.985998328442586447e-02
2.984085234943268175e-02
2.980166650726201460e-02
2.974248452081794045e-02
2.966336945438542358e-02
2.956438866941020829e-02
2.944561376717159951e-02
2.930712059209790443e-02
2.914898917353761845e-02
2.897130370684139478e-02
2.877415253508332216e-02
2.855762808995153390e-02
2.832182687062485826e-02
2.806684942326590285e-02
2.779280027243829707e-02
2.749978792215877071e-02
2.718792478458232492e-02
2.685732715534166343e-02
2.650811518946278450e-02
2.614041282913288217e-02
2.575434778279029474e-02
2.535005148636607780e-02
2.492765904259710077e-02
2.448730918634425130e-02
2.402914424953671302e-02
2.355331008748269908e-02
2.305995607081551962e-02
2.254923499932350722e-02
2.202130307022931791e-02
2.147631984695527047e-02
2.091444817075116189e-02
2.033585414094518651e-02
1.974070705456093186e-02
1.912917934163313460e-02
1.850144653098313718e-02
1.785768718884017670e-02
1.719808285420785024e-02
1.652281799911567428e-02
1.583207996644529422e-02
1.512605890956048200e-02
1.440494774414142858e-02
1.366894207309206528e-02
1.291824014949109235e-02
1.215304280421619469e-02
1.137355339258186784e-02
1.057997772057285568e-02
9.772524004286678098e-03
8.951402798891866519e-03
8.116826925716229962e-03
7.269011430565911619e-03
6.408173508166182392e-03
5.534532440297015854e-03
4.648309537887993469e-03
3.749728061274643261e-03
2.839013174592408279e-03
1.916391876796565402e-03
9.820929191513855933e-04
3.634676048779879971e-05
-9.206145009204462276e-04
-1.888557220964661408e-03
-2.867246223528125641e-03
-3.856444929848587121e-03
-4.855915378959956875e-03
-5.865418309646111550e-03
-6.884713242359495958e-03
-7.913558524843692168e-03
-8.951711407308325305e-03
-9.998928130586436439e-03
-1.105496395045022819e-02
-1.211957325609823964e-02
-1.319250961607977730e-02
-1.427352582409211618e-02
-1.536237401249927921e-02
-1.645880570450531516e-02
-1.756257184646519212e-02
-1.867342294938706057e-02
-1.979110907596762919e-02
-2.091537998301305420e-02
-2.204598515267605294e-02
-2.318267384498033309e-02
-2.432519521134502913e-02
-2.547329834022466627e-02
-2.662673230271237271e-02
-2.778524627462676880e-02
-2.894858954354790487e-02
-3.011651163050799510e-02
-3.128876233492399600e-02
-3.246509177953292580e-02
-3.364525052824490076e-02
-3.482898960713697034e-02
-3.601606059368039209e-02
-3.720621569877480966e-02
-3.839920777604223512e-02
-3.959479046166512750e-02
-4.079271819909526670e-02
-4.199274628176620505e-02
-4.319463098699102138e-02
-4.439812956541409200e-02
-4.560300035960702242e-02
-4.680900284812708478e-02
-4.801589769656554318e-02
-4.922344683884472688e-02
-5.043141354369993362e-02
-5.163956244203157797e-02
-5.284765963880790757e-02
-5.405547272890309091e-02
-5.526277088276219940e-02
-5.646932490687040646e-02
-5.767490728160701297e-02
-5.887929223834031944e-02
-6.008225582903225365e-02
-6.128357593749277771e-02
-6.248303239597082642e-02
-6.368040698332091964e-02
-6.487548352945871066e-02
-6.606804794596785047e-02
-6.725788827161022221e-02
-6.844479474418382892e-02
-6.962855985193697195e-02
-7.080897836565677728e-02
-7.198584741501970474e-02
-7.315896651523753902e-02
-7.432813764132932544e-02
-7.549316525800925382e-02
-7.665385636754644405e-02
-7.781002056565847202e-02
-7.896147009989920584e-02
-8.010801986865946633e-02
-8.124948752895430615e-02
